# i ra dec l b IMW80 IMW40
0 319.68795221092313 -45.26864361805589 267.59964 -46.68978 -0.24234189 0.8356232643127441
1 2.650412155837834 -39.47509039484301 269.03006 -46.69001 -1.4840635 1.0377237796783447
2 6.711789345780377 -32.258977016699106 270.46054 -46.690243 0.21508251 1.0458816289901733
3 2.666433457553926 -27.057658187151876 271.881 -46.690475 -0.15321775 1.1158636808395386
4 357.96569412115764 -29.917190869842024 273.3115 -46.690712 0.22593807 1.2814888954162598
5 9.377530488273983 -27.848493068813852 272.85126 -45.840523 0.22058406 1.184716820716858
6 7.270952685775181 -30.10103650857994 271.45074 -45.840332 0.27971715 1.0159093141555786
7 5.562772613254794 -33.6861102494344 270.04025 -45.840137 0.22643507 1.0123960971832275
8 1.4268429954593171 -34.930023482640614 268.62976 -45.839947 0.15876262 0.8920636177062988
9 22.07030989579487 -47.20333471841727 267.2293 -45.839752 0.15217322 1.0811076164245605
10 24.1243881951696 -47.45013298885067 267.88947 -44.989727 0.20265278 1.17715585231781
11 20.07459890480223 20.413943589740665 269.26987 -44.989952 0.1897172 1.0537917613983154
12 30.075317712523617 17.821723063166488 270.6603 -44.990185 0.31720147 0.9409410953521729
13 357.5066975101884 8.975888367138193 272.04074 -44.990417 -0.2428241 0.9222869277000427
14 27.70199381034193 8.69924875776765 273.43118 -44.990658 0.23779309 1.006532073020935
15 344.3919718625285 -7.349431382907548 273.081 -44.140465 -0.26074928 0.7752496004104614
16 345.0430848197413 -6.614775627673735 271.72052 -44.140274 -0.010842828 0.9116441011428833
17 351.97118444693325 -1.6094994620411434 270.35004 -44.14008 0.18839033 0.9264844059944153
18 0.3530911940469522 3.688345525566837 268.98962 -44.13989 0.24027997 1.1196669340133667
19 11.110475624593096 6.572183707770189 267.61917 -44.139698 0.31725335 1.0663785934448242
20 15.855886816589605 5.556673161296861 268.38937 -43.289677 0.021417202 0.9144150614738464
21 14.069659811792583 6.544630412484301 269.72974 -43.2899 0.28162804 0.9484244585037231
22 348.76299420212786 -14.281867255335655 271.08014 -43.29013 0.32188278 1.0784862041473389
23 357.44299640958246 -3.191751147929813 272.43054 -43.290363 0.20781066 1.0597330331802368
24 2.6179868760408564 -3.6172192115695103 273.77094 -43.2906 0.2273919 0.9142774343490601
25 5.429711762310532 -2.7486008545246534 273.5408 -42.450413 0.22983734 0.9078499674797058
26 4.0524677100059305 -2.2457728097829075 272.21036 -42.450222 0.22523881 0.8663802146911621
27 1.376982322258666 -2.2703066868087776 270.8799 -42.45003 0.20430438 1.0133291482925415
28 8.456432110275117 2.9703587282234443 269.5495 -42.449844 0.19930969 1.033541202545166
29 14.182000521067359 -1.9671290320522714 268.21912 -42.449654 0.08876296 1.0598191022872925
30 11.897113629928528 -0.20258711336670318 267.77896 -41.599438 0.17799671 0.9687086939811707
31 13.216403936466241 2.3250022332294886 269.0893 -41.59966 -0.16143936 1.0923799276351929
32 9.438304331130844 3.068479234586426 270.39963 -41.59988 0.31406116 1.0951213836669922
33 12.38071192946455 3.1890925075086205 271.71 -41.60011 0.017773772 1.1994272470474243
34 13.359094502641534 3.1708124607523165 273.02036 -41.600338 0.5927912 0.8578186631202698
35 17.101194024156836 -2.3260953380289644 274.74286 -46.690025 0.1128631 1.1890642642974854
36 21.161220611003124 -0.6946352072470672 276.17337 -46.69023 0.22019891 1.0995681285858154
37 20.003926644663743 1.389090616766725 277.6039 -46.690437 0.21657819 1.4257866144180298
38 19.046937735235222 1.6115288376209436 279.0345 -46.69065 0.25147215 1.2875792980194092
39 17.11943592596222 1.9676533937648013 280.45508 -46.690865 0.051792484 1.320538878440857
40 22.75002042933702 -3.9513885620129705 279.88467 -45.84068 0.21456671 1.369681715965271
41 25.421304987241598 -5.19569321837304 278.48407 -45.84052 0.27549028 1.3559046983718872
42 24.164749543743312 -3.6326325764584655 277.07352 -45.84036 0.27824402 1.221444010734558
43 26.055148677915223 -3.6071153982102895 275.66293 -45.840195 0.3136346 1.2197167873382568
44 349.1943680049165 -18.55655232560238 274.26242 -45.840034 0.17496759 1.3430484533309937
45 26.905062796731436 -13.418035364245913 274.8125 -44.989983 0.16589233 1.2184253931045532
46 1.6469062298877675 -17.912117136593963 276.203 -44.990192 -0.19570889 1.224367380142212
47 356.91155346501745 -15.274058693323724 277.5935 -44.990402 0.31829134 1.3612459897994995
48 358.3582838661811 -13.903678344264907 278.97403 -44.99062 0.30030245 1.5449142456054688
49 6.557020461080868 -12.149536107820852 280.36456 -44.990837 0.35270914 1.3352938890457153
50 26.366516749038823 -20.7745330378529 279.91425 -44.140644 0.14500801 1.6626259088516235
51 27.062797038545856 -15.965898396285798 278.55368 -44.14048 0.051495068 1.166568636894226
52 2.826034133547569 -26.092953757310298 277.18314 -44.140312 -0.05602245 1.2740144729614258
53 6.138522875658053 -18.862420665151895 275.81262 -44.14015 0.09858636 1.095823884010315
54 2.427691812705812 -18.380029030357388 274.45212 -44.139984 0.21025282 1.0298329591751099
55 4.880142537543881 -16.60599297040993 275.12225 -43.289932 0.21992186 1.0953563451766968
56 10.603218621170196 -19.01623579590656 276.47272 -43.290142 0.11075441 1.2512186765670776
57 14.6216718573363 -20.031777559254603 277.81317 -43.290356 0.22760315 1.431111216545105
58 16.878973730567502 -19.04710201067118 279.16367 -43.290573 0.24142502 1.4810184240341187
59 19.4411658403429 -20.708287296258845 280.50415 -43.290794 0.3088694 1.951764464378357
60 21.632709427592722 -25.894551254102048 280.17386 -42.450596 0.17987897 1.6925787925720215
61 21.398067824026732 -23.002657135602764 278.85336 -42.450428 0.29043394 1.3691296577453613
62 11.70657483822311 -24.00496384438856 277.52286 -42.45026 0.18346448 1.2447779178619385
63 12.234059734441255 -21.419268462230825 276.19238 -42.450096 0.1879927 1.1861975193023682
64 15.751817286143204 -24.502948852562245 274.8619 -42.44993 0.17858353 1.1002695560455322
65 113.69609145582787 57.46140210366576 274.33167 -41.599697 0.16275269 0.9858465194702148
66 107.18919853605809 50.3124364206201 275.64206 -41.599903 0.1544488 1.1128265857696533
67 110.84903744970796 47.75790935333957 276.95245 -41.600113 0.21038936 1.067017912864685
68 112.23148094219347 51.699311249293636 278.26288 -41.60033 0.1704577 1.2772785425186157
69 122.98172495192975 72.40697243067888 279.57333 -41.600548 -0.03218997 1.2893136739730835
70 155.69564610442237 -17.117620917158636 288.42896 -40.7451 -1.5423043 0.9677959680557251
71 251.9325493125971 42.467811538616054 289.7295 -40.74515 0.13283414 1.0266385078430176
72 132.45946095550593 45.24244758985889 291.02005 -40.7452 0.1568365 0.9429839253425598
73 242.44069630136767 33.12953909702786 292.3106 -40.74525 0.36140293 0.8703005909919739
74 242.7414240315318 36.06100147664959 293.61124 -40.745296 0.23723495 0.9731255769729614
75 242.85600672213374 38.99603693255403 294.26132 -39.8952 0.16153781 1.1090922355651855
76 244.03852665237417 49.38473715944818 292.9807 -39.89521 0.24210559 0.9020090103149414
77 240.36214264673993 59.73018552303899 291.71014 -39.895218 0.11075208 0.7176553606987
78 227.34801691077143 64.57212220313922 290.42957 -39.89522 0.2418818 0.7941569089889526
79 226.37256313758186 66.24811128481396 289.14905 -39.895214 0.33557844 0.8050426244735718
80 205.91162947625085 75.31963506191376 287.87854 -39.89521 0.35642922 0.9796513915061951
81 205.63012220900208 74.4558306848003 287.6883 -39.04508 0.440373 1.0806676149368286
82 209.45478127026922 73.20924109481093 288.94876 -39.04514 0.37159854 0.878035843372345
83 202.83560062763422 73.78641231862652 290.2093 -39.045204 0.37734103 0.9211223721504211
84 199.38449087685802 73.96982662138439 291.46982 -39.045265 0.48584974 0.9199013113975525
85 195.83593559437682 74.08193170401674 292.7404 -39.045326 0.17619121 0.8833271265029907
86 192.5243114703799 73.26939731490712 294.00098 -39.045383 0.17669317 0.9748536944389343
87 195.93345640708458 73.22729206602115 293.5205 -38.195248 0.17300363 1.2227580547332764
88 199.28304624820726 73.11440051919482 292.27994 -38.195244 0.12922186 0.9661905765533447
89 202.5917895673486 72.9305093544552 291.0294 -38.195236 0.10475731 0.9925830960273743
90 205.7843348145299 72.68055136148371 289.77887 -38.19522 0.32145017 0.932024359703064
91 206.2080294030489 71.75055617243189 288.52838 -38.195206 0.2598344 1.0160003900527954
92 203.1634203748267 72.0165193950303 288.45816 -37.345062 0.12825824 1.34609055519104
93 200.05119114366357 72.21591492080854 289.68863 -37.34513 0.10908826 1.1676565408706665
94 196.849731243151 72.34936995816966 290.91913 -37.3452 0.1628393 1.1777766942977905
95 193.63113256041328 72.4134210436045 292.14966 -37.345272 0.19690502 1.113542914390564
96 193.6596369791842 71.5628318513342 293.3902 -37.34534 0.17022552 1.2479901313781738
97 196.7546390123189 71.49811535989299 294.29037 -36.495228 0.10847537 1.5665502548217773
98 199.7911440812718 71.3675348165043 293.06982 -36.495213 0.15388782 1.3865810632705688
99 202.78903108286278 71.17065428862274 291.84927 -36.495197 0.150703 1.079826831817627
100 205.68490203435385 70.91230295215762 290.62875 -36.49518 0.15209745 1.0539706945419312
101 206.0015193294589 69.98719617481848 289.4083 -36.49516 0.15293342 0.9695332646369934
102 203.22869626196578 70.25928734407421 288.18784 -36.495136 0.11179459 1.4698195457458496
103 200.37689944026732 70.47018816816643 288.22763 -35.654984 0.08734733 1.41072678565979
104 197.48504795952726 70.6170432458393 289.43808 -35.655056 0.1280414 1.0894267559051514
105 194.53303724327745 70.70044026909702 290.63855 -35.65513 0.106587425 1.0274149179458618
106 181.69774833506145 73.79055341589337 291.84903 -35.655205 0.19603814 0.9998681545257568
107 178.32186874738312 73.53615609740251 293.05954 -35.65528 0.24215314 1.1238951683044434
108 189.14650313069922 73.24154625949578 294.26007 -35.65536 0.38864467 1.4104238748550415
109 190.38663199555515 72.410010217123 322.68063 5.938755 0.5267758 3.829202651977539
110 187.17167203516456 72.33566089257775 323.67062 5.938809 0.18161026 4.204862117767334
111 190.56249327577376 71.56145106618872 324.6506 5.938862 0.59534425 4.228356838226318
112 191.57332319620457 70.7197348898923 325.64062 5.938915 0.5826829 4.6405930519104
113 188.6084556466754 70.67174974627315 326.6206 5.938967 0.60593295 5.382946968078613
114 182.7847399607404 70.38109289067411 327.6106 5.93902 0.36131936 4.687509536743164
115 179.9672785082248 70.14133545555686 328.59058 5.939072 0.28475928 4.816394805908203
116 162.76090336593836 70.04644988200977 328.6505 6.789063 -0.17479108 4.45119047164917
117 165.1096852454159 70.61952926840017 327.66052 6.788999 -0.107812256 5.07168436050415
118 172.16714577498502 70.97599211209686 326.67053 6.7889357 0.29772267 4.992901802062988
119 167.0279811526693 70.02691963994037 325.69052 6.7888727 0.049245883 4.631117820739746
120 164.67049616650397 69.47783471592518 324.70053 6.7888093 0.26137984 4.128207206726074
121 165.7820422498967 68.71753892553228 323.7105 6.788747 0.23869021 4.102208614349365
122 168.0792287782321 69.25325260008393 322.7205 6.788685 0.30368164 4.069368839263916
123 170.5135846412239 69.74180998946686 322.83044 7.638688 0.16918162 4.4460129737854
124 173.06239703890148 70.17668189316714 323.82043 7.638737 0.14036302 4.258891582489014
125 174.63048569042974 69.48646006969643 324.81042 7.6387863 0.2479781 4.830232620239258
126 172.11192148078803 69.07532477036993 325.80045 7.638836 0.05124685 4.945643901824951
127 169.71354460150158 68.61304214567693 326.79044 7.6388855 0.07263571 4.992901802062988
128 167.44055732554034 68.10294186871697 327.77042 7.6389346 0.061515134 4.908616542816162
129 237.80010864632968 28.944296766735036 328.7604 7.638984 0.23631385 4.721984386444092
130 241.342705520011 32.48388744734563 327.97037 8.48893 0.27342 4.745548725128174
131 241.46381418232752 33.45771503754919 326.98035 8.48887 0.20525137 4.978494167327881
132 240.19868593623167 31.51957548462799 325.99036 8.488811 0.22320817 5.260169982910156
133 238.9600121261944 29.915497671780784 325.00034 8.488752 0.28372335 6.103596210479736
134 239.25112281926283 31.859018036331985 324.0103 8.488695 0.2752461 4.805779933929443
135 236.26666940096518 32.194839991948065 323.0203 8.488639 -0.0080212 4.95884370803833
136 235.20160012283165 31.57458402228386 322.03027 8.488583 0.13433602 5.5944061279296875
137 235.2881096784728 32.555410067215604 322.27023 9.338594 0.2984254 8.173172950744629
138 233.6475209838199 48.64118758006092 323.27023 9.338639 0.19393307 6.078668594360352
139 231.4546604612534 60.76058410459761 324.26025 9.338683 -0.113637485 5.1981377601623535
140 229.56068037281935 60.60478395380932 325.25024 9.338728 0.20747422 5.347427845001221
141 224.5674598867571 62.17534577390099 326.25024 9.338774 0.1801206 5.1161675453186035
142 221.07146989578695 60.25062238832046 327.24023 9.3388195 0.093139246 5.039028167724609
143 210.49709944586365 67.5278163853612 328.23022 9.338865 0.3342336 5.267419338226318
144 211.84339371122314 65.38011278584528 328.58017 10.178874 0.2255484 5.205531597137451
145 200.01483202329777 69.63097254601574 327.58017 10.178819 0.13644335 8.910150527954102
146 197.2220905009634 69.77372549300492 326.59015 10.178764 0.17861915 4.817962646484375
147 194.39373504366912 69.85353955675416 325.59015 10.17871 0.20025189 4.935398578643799
148 192.34898567673076 69.02152162872937 324.59015 10.1786585 0.35725278 4.957967281341553
149 195.0914189725556 68.98790990670749 323.60013 10.178607 0.3655334 6.690338134765625
150 200.01987051279636 67.91227988843288 322.6001 10.178557 0.5251252 9.390792846679688
151 192.83880343566221 67.32987138390466 321.99005 11.028532 0.4535725 7.672873497009277
152 197.43051397497734 66.34924861668478 322.99005 11.028571 0.29199016 7.999070167541504
153 199.53959963992054 64.48904991149021 323.99005 11.028611 0.43939245 6.23496675491333
154 192.71127560383286 64.78018535811954 324.99005 11.028651 0.37474248 4.897533416748047
155 188.69517637415393 69.82110668869012 325.99005 11.028693 0.2933573 4.70463228225708
156 185.88224646051916 69.70958283731372 326.99005 11.028735 0.32920447 4.607159614562988
157 183.11459665020567 69.53572706219852 327.98004 11.028777 0.27640793 5.671895503997803
158 180.41010954969286 69.30116064083268 329.58026 5.938795 0.3624585 4.694320201873779
159 181.59685917326024 68.5353941113487 330.56024 5.9388433 0.40749928 5.608296871185303
160 184.23211316700073 68.74878117168349 331.55023 5.9388924 0.36826575 6.468102931976318
161 186.90258454796395 68.90086598617815 332.53024 5.9389415 0.35262242 7.7906622886657715
162 189.62758556040092 68.99236476703506 333.52023 5.938991 0.25614998 6.732810974121094
163 189.53822022318542 68.14857946707755 334.5002 5.9390407 0.27722898 7.266289710998535
164 186.92272979478784 68.0550532527821 335.4902 5.9390907 0.31689423 7.09040641784668
165 184.3416105756248 67.90137035352929 335.55014 6.7890816 0.39596534 6.569908618927002
166 181.81038397392368 67.68882464296917 334.57013 6.789022 0.4062722 5.8259477615356445
167 182.82066246404705 66.9088333910036 333.58014 6.788963 0.2844877 7.666236400604248
168 185.26926955593973 67.10164604876033 332.59015 6.7889047 0.42141572 11.178067207336426
169 187.7764062761979 67.2374007196903 331.61014 6.788848 0.49290144 6.9449076652526855
170 190.31138809114407 67.31354604444336 330.62012 6.788791 0.44148335 6.177541732788086
171 190.09592349375183 66.45817924227784 329.63013 6.788736 0.6273302 4.7860941886901855
172 187.645819111178 66.37637256004062 329.75006 7.6387367 0.52336293 5.127186298370361
173 185.23861748481323 66.2369318207926 330.74005 7.6387815 0.44587404 5.516720771789551
174 182.8719274600786 66.04057292812779 331.73004 7.6388273 0.43860796 6.8818135261535645
175 183.71231972380176 65.24753777896062 332.72003 7.6388736 0.5002836 11.011819839477539
176 186.01559288306217 65.42807723266003 333.71002 7.6389203 0.5244275 13.04730224609375
177 188.3686728047607 65.552722059773 334.7 7.6389675 0.52735597 8.100984573364258
178 190.72915567013615 65.61899437273048 334.90994 8.488969 0.46740183 7.141757488250732
179 190.4069344062321 64.7623720674119 333.91995 8.488913 0.3074247 8.934720039367676
180 188.12391412826656 64.68778285872415 332.92996 8.488858 0.25022766 6.547087669372559
181 185.86350633949263 64.55665554106635 331.92996 8.488804 0.42159835 6.364858627319336
182 183.62384159348176 64.36855754363961 330.93994 8.488752 0.44694036 5.1957597732543945
183 172.82031817599562 68.25594496330899 329.94995 8.488702 0.3759415 4.874797821044922
184 168.2805557439759 67.29907877922766 328.95993 8.488652 0.17963828 4.7931718826293945
185 173.64467648597636 65.58636562185897 329.21988 9.338663 0.3414328 4.759167671203613
186 180.41168072233336 66.65794323243392 330.21988 9.338703 0.32134056 5.539876937866211
187 178.2935810857533 65.4810644671894 331.20987 9.338745 0.44251314 5.5182881355285645
188 177.24450833057708 63.48543924534714 332.19986 9.338787 0.3620395 5.893681049346924
189 166.19744028241084 66.75438987364691 333.19986 9.33883 0.05967168 7.112983226776123
190 164.23204050706838 66.1689466242095 334.18985 9.338874 0.05843105 6.038710117340088
191 162.38555378609274 65.54568767546847 335.1798 9.338918 0.054529198 5.954885482788086
192 160.65585863989034 64.88759210794069 335.54974 10.178927 0.05022414 4.993895530700684
193 162.11812752325585 64.3098927569498 334.54977 10.178875 0.059552602 5.249717712402344
194 163.85472920299597 64.95248866938762 333.54977 10.178824 0.063021086 6.442201137542725
195 165.69058466566366 65.55496107462595 332.55975 10.178776 0.17357871 6.018224239349365
196 167.65177409536398 66.12258164526372 331.55975 10.178728 0.06881496 4.948232173919678
197 168.31657335870983 65.29548350316749 330.56976 10.178682 0.057341907 4.57697057723999
198 166.41394143273692 64.73479958235347 329.56973 10.178638 0.08690722 4.866839408874512
199 164.6175685881935 64.13542276159467 328.97968 11.028617 0.06843397 4.76900053024292
200 162.92676598327003 63.50014812893008 329.97968 11.028652 0.039496623 5.1648688316345215
201 164.22098180954518 62.881286576690314 330.97968 11.028689 0.16999017 4.396462917327881
202 165.9083251101209 63.5021738743823 331.97968 11.028728 0.059481397 5.687068939208984
203 167.69660302486776 64.086137211746 332.97964 11.028766 0.060941532 6.9706830978393555
204 169.57316299402922 64.62702881896259 333.96964 11.028806 0.1821357 5.04473352432251
205 171.98701507959188 64.25689403062353 334.96964 11.028847 0.06313511 4.757362365722656
206 170.06887444335794 63.7584727177019 336.4796 5.938754 0.14316072 6.7522406578063965
207 168.23271886444928 63.21481117707293 337.4596 5.938794 0.2687332 7.9350905418396
208 166.5034783564737 62.63552000805677 338.4496 5.938836 0.21092314 11.629864692687988
209 164.85906306011765 62.01576880992838 339.42957 5.938878 0.19713923 8.726278305053711
210 166.01850512225437 61.367394235240226 340.41956 5.9389215 0.1736927 9.4541597366333
211 167.64154367008402 61.969812323630656 341.39954 5.938966 0.2561867 12.88440227508545
212 169.35536571795575 62.535094994689906 342.38953 5.9390116 0.08434114 13.84814739227295
213 171.17091214343128 63.063901024330086 342.45944 6.789009 0.08206778 9.9560546875
214 173.33125797880848 62.647271568952576 341.47946 6.788958 -0.084258616 9.760032653808594
215 171.4992601736552 62.16197887563639 340.48947 6.788909 0.07286633 6.996986389160156
216 169.7407812874597 61.63153152276382 339.49948 6.7888613 0.2105335 7.024723052978516
217 168.07936199771277 61.06494949378032 338.51947 6.7888165 0.1613227 6.1935882568359375
218 159.04081079818837 64.19740828137002 337.52948 6.7887735 0.43606237 6.262254238128662
219 157.53436433444827 63.47795834366045 336.53946 6.788732 0.06552351 6.260666370391846
220 156.12377480485753 62.72643274206654 335.6794 7.6387033 0.049816485 6.606356143951416
221 154.82348247127402 61.955456290731625 336.6694 7.638738 0.16037878 7.367968559265137
222 155.0352404854471 60.663820250154835 337.6594 7.6387744 0.2803939 7.3550825119018555
223 160.50268990916038 63.638542527212266 338.64938 7.638811 0.19808845 9.045249938964844
224 161.340623073332 62.83156524416839 339.63937 7.6388497 0.17512368 7.597772598266602
225 159.8546691965223 62.1324395528445 340.62936 7.6388893 0.137953 10.20413589477539
226 158.46662381935604 61.40512144041089 341.61932 7.6389303 0.20826524 8.18364143371582
227 157.1644771379045 60.64680027747914 341.83926 8.488937 0.054010645 7.832949161529541
228 155.96149324210242 59.869677907891116 340.84927 8.488893 0.22362769 10.423370361328125
229 157.24979745530345 59.32231126524444 339.85928 8.488851 0.06441806 7.088535308837891
230 158.46447845078157 60.08986386409286 338.8693 8.488811 0.1590282 10.616605758666992
231 159.75903171570238 60.82783625723674 337.8793 8.488773 0.054048724 9.143680572509766
232 161.15398397959302 61.54377896774004 336.88928 8.488738 0.16772084 7.308981418609619
233 162.64423536037447 62.23044493540352 335.8993 8.488705 0.07441387 5.636230945587158
234 161.6799158786391 59.3572263002229 336.17923 9.338721 0.280533 5.499912738800049
235 163.03473873771813 60.056608012068054 337.16922 9.338752 0.13582319 7.486645221710205
236 164.47725228514844 60.726099603224185 338.1592 9.338783 0.19563209 7.599493026733398
237 165.0085745930121 59.81953088962326 339.1592 9.338817 0.23185962 7.558904647827148
238 163.60683325418256 59.149462567279606 340.1492 9.338851 -0.10098163 6.788956642150879
239 162.28141741769755 58.44519975018333 341.13916 9.338886 0.17971134 6.238633155822754
240 161.04665419412663 57.717621560185364 342.13916 9.338924 -0.10658486 5.977889060974121
241 152.5043968189087 60.34837842191452 341.5191 10.178901 -0.43869582 6.284312725067139
242 151.4746553202462 59.5161777365448 340.51913 10.178864 0.057399232 6.989926815032959
243 150.525193522737 58.66715872835701 339.5291 10.178828 0.06476318 7.173298358917236
244 150.16687734832516 56.46934807233086 338.52914 10.178796 0.06219017 6.971063137054443
245 150.9918154710096 57.343152193214785 337.53912 10.178766 0.10975103 6.181842803955078
246 151.88207070031396 58.1963814247017 336.53912 10.178739 0.06481534 4.952300071716309
247 152.85406597475588 59.039146043730106 335.9691 11.028735 0.05519905 4.496910572052002
248 153.89906833780063 59.858470243037225 336.9691 11.02876 0.057163976 4.784514904022217
249 154.84539597778826 59.07073062319131 337.96906 11.028786 0.07422696 6.291990756988525
250 153.81034007075667 58.25201276544146 338.96906 11.028814 0.088166595 6.105650901794434
251 152.8530200149925 57.41517325415217 339.96902 11.028844 0.0018684122 6.608361721038818
252 151.96929607184765 56.56180318818159 340.959 11.028874 0.06161176 7.714365482330322
253 153.20861823711715 56.048454648992106 341.95898 11.028907 -0.39623466 8.757281303405762
254 154.10695767087748 56.89600080395032 289.01926 -46.6774 0.083163485 1.1224557161331177
255 155.0787476760997 57.726114160285455 290.44934 -46.677288 0.052196614 0.9872210025787354
256 156.1207139259665 58.53191073571912 291.87946 -46.677174 0.10979885 1.1649571657180786
257 158.0514258735809 58.46601718874287 293.30957 -46.677063 0.11515782 1.1383838653564453
258 156.94989100966228 57.68139987150213 293.9496 -45.82692 0.09111279 1.033488154411316
259 155.91982782629844 56.87068043824649 292.53952 -45.827034 0.08074557 1.0608701705932617
260 154.97094294269306 56.04602917561812 291.13943 -45.827145 0.046030838 1.1295570135116577
261 154.08740463509477 55.19843247015824 289.72937 -45.82725 0.07359153 1.120283603668213
262 155.22909914424284 54.63415127313248 288.3193 -45.827354 0.037647214 1.0102177858352661
263 156.11979802335074 55.475572059686165 288.66928 -44.977264 0.042623077 1.1123771667480469
264 157.07532866818738 56.29343633038892 290.0594 -44.977142 0.06650057 1.4944580793380737
265 158.1111113512046 57.09643562950652 291.43948 -44.97702 0.09437286 1.5498788356781006
266 159.21733149433146 57.87268026904097 292.82962 -44.976894 0.10312473 1.1937776803970337
267 159.88557501070196 56.959666805577115 294.20975 -44.97677 0.08837324 1.040569543838501
268 158.8082401581427 56.182931981750926 293.55966 -44.126728 0.09512944 0.9181550741195679
269 157.799188957751 55.37952304285867 292.1996 -44.126854 0.06021521 1.1036951541900635
270 156.8679101663148 54.561130895982984 290.8295 -44.126976 0.06350825 1.3432646989822388
271 148.72132361508375 54.68846717782694 289.46942 -44.127094 -0.014657149 1.178328514099121
272 151.15676163010696 55.693105109045234 288.09933 -44.127213 0.2551211 1.2565972805023193
273 150.40836834403189 54.81100917534169 288.5793 -43.2771 0.3387037 0.9171538352966309
274 152.52758940823423 53.46162784435523 289.92944 -43.276966 0.27279937 0.8623960614204407
275 154.412568555975 53.781050534601974 291.26956 -43.276833 0.25453505 0.8331546783447266
276 154.46880408824325 51.996759418848626 292.6197 -43.276695 0.2673454 0.675856351852417
277 172.12782911281957 -8.425919087142187 293.96985 -43.276554 0.24945292 0.9756916165351868
278 172.04948142606148 -7.419630119808304 293.44977 -42.436504 0.24262893 0.8830332159996033
279 172.31892125954008 -6.597149477740923 292.12967 -42.43664 0.22861764 0.8868478536605835
280 176.78168916253574 -8.696364269934831 290.79956 -42.43678 0.21096517 0.7723129987716675
281 176.73413372243897 -7.758111354659956 289.46948 -42.436913 0.25993648 0.9884957671165466
282 175.26398168333688 -6.1805351344521045 288.1394 -42.43704 0.16021182 0.9108847975730896
283 177.0684493016632 -6.975296467487944 288.73938 -41.586903 0.25253427 0.986379086971283
284 178.57917779292336 -8.46236058447754 290.04953 -41.586758 0.20697695 0.9703740477561951
285 231.1539217152753 25.086302870213753 291.35965 -41.58661 0.37441903 0.8721041679382324
286 228.21245826037998 31.527825915278868 292.6698 -41.58646 0.09125187 0.954332172870636
287 234.26451679265622 37.42530657645743 293.97995 -41.586304 0.31107062 0.894684910774231
288 212.34968835588137 59.36405812753125 323.32004 -46.673576 0.24681193 0.8349659442901611
289 201.9346590307927 63.38259801628881 324.74008 -46.67341 0.32781404 0.8694841861724854
290 202.58327323392137 60.66176821442574 326.17014 -46.673244 0.28314415 0.9538613557815552
291 198.6700578704927 61.11487445752896 327.60013 -46.67309 0.24723905 0.7700158953666687
292 192.3389715299639 59.69100726760074 327.71017 -45.82281 0.2972276 0.9670057892799377
293 188.73009380815415 63.85966452683471 326.31024 -45.822956 0.1292489 0.9614232778549194
294 186.52129576715222 63.7413861715648 324.9003 -45.823116 0.17910801 1.084592580795288
295 184.35595341789855 63.568506034401935 323.49033 -45.82329 0.28592077 0.970327615737915
296 186.2554080538367 62.86244543050715 322.09033 -45.82348 0.117255494 1.0387427806854248
297 188.39014694094968 62.990737010688996 323.3204 -44.973038 0.122719556 0.9230093359947205
298 190.54488459063865 63.06330995305503 324.70044 -44.972862 0.30355334 0.8597751259803772
299 191.00733638456737 62.22100685156384 326.09045 -44.97269 0.15534836 0.8392120003700256
300 184.77479239130554 61.871955961059534 327.4705 -44.972534 0.042141426 0.8779858946800232
301 186.48092513644133 61.16755350196738 327.7105 -44.122215 0.08964974 0.9372002482414246
302 188.4962576099551 61.296703614796954 326.34058 -44.122368 0.14953247 1.0305123329162598
303 190.53008858159254 61.371053186939484 324.98065 -44.12253 0.17253013 0.8377869725227356
304 185.0317883683695 60.17169197334537 323.6107 -44.122715 0.27713528 0.7999784350395203
305 190.75526621824105 58.82335389558666 322.25073 -44.12291 0.17192188 0.8468998074531555
306 182.2200448292702 63.339826059105334 322.2508 -43.272617 0.40272433 0.8490673303604126
307 180.13284881633987 63.05821368863601 323.59085 -43.27242 0.29004258 0.8387268781661987
308 178.11687731746872 62.72732656585905 324.94086 -43.272232 0.15896294 0.90363609790802
309 176.1547808321788 62.34509612279544 326.2909 -43.27206 0.17687652 0.8767210841178894
310 176.22494632509677 61.42503207409051 327.63086 -43.2719 0.21249515 0.9898514747619629
311 178.11796984764493 61.813318530148635 327.9909 -42.431545 0.23081036 0.9232518076896667
312 180.07495377137593 62.15300086953354 326.661 -42.431698 0.2233799 0.9409842491149902
313 180.79150603284543 61.36986528154764 325.3311 -42.431866 0.21811868 0.7260271310806274
314 178.88020165500984 61.04324135561228 324.00116 -42.432053 0.096656956 0.9114274978637695
315 177.01764806431422 60.66576950457241 322.6812 -42.432255 0.30461508 0.7367287278175354
316 178.7652826464088 60.118815729979545 322.8213 -41.581917 0.18815303 0.8085994124412537
317 180.6285665099485 60.45869248938607 324.13132 -41.58171 0.23667446 0.8290393948554993
318 182.5337060601327 60.74658698300695 325.4413 -41.58152 0.2014403 0.9967305660247803
319 183.12564207995126 59.9453207546286 326.7513 -41.581345 0.29834884 1.2765167951583862
320 181.24930159909547 59.665858132018414 328.06128 -41.58119 0.32965213 1.3139885663986206
321 179.43249788825355 59.33765565810858 329.02863 -46.673088 0.18508236 1.1918058395385742
322 179.2486261391397 58.38622634287436 330.45865 -46.672977 0.21694462 1.4828860759735107
323 181.0048854080607 58.72770876726772 331.8886 -46.672882 0.2952421 1.2363067865371704
324 182.8199825064494 59.02110680797346 334.73856 -46.67272 0.16217133 0.7669795751571655
325 184.66757535369462 59.261665518177466 334.74857 -45.82246 0.22134116 1.0289762020111084
326 181.56104106385695 57.9291273543058 333.33868 -45.82252 0.22721599 0.8838099837303162
327 179.83275945535033 57.59458962007608 331.92877 -45.822594 0.24506296 1.1135098934173584
328 174.40165190783185 60.990211359700254 330.52887 -45.82268 0.49058467 1.2439258098602295
329 175.2314892774803 60.2437732589777 329.11896 -45.82278 0.41221955 0.8984535336494446
330 166.03957572243522 59.14825647957348 328.85898 -44.972527 0.23099212 0.852514386177063
331 164.64855836145216 58.48910934611053 330.23898 -44.972416 0.14975534 1.0743106603622437
332 163.3313275129195 57.795256546717475 331.62894 -44.97232 0.10205499 0.9462718963623047
333 162.09492436046267 57.07283116889024 333.01892 -44.972233 0.17401016 0.7495861649513245
334 165.08696679201307 57.53326293670915 334.39886 -44.97216 0.21481021 0.9652116298675537
335 166.4393740979447 58.198744250017526 334.53885 -44.12188 0.09174517 1.1386908292770386
336 167.87200112308028 58.831593653566905 333.16898 -44.121933 0.3152784 1.3139668703079224
337 167.36878728756034 57.50197188671042 331.8091 -44.122005 0.320175 1.3342348337173462
338 166.02458774134612 56.843005705295056 330.4392 -44.12209 0.24525672 1.254530668258667
339 166.34814094705354 55.85294137594542 329.0793 -44.12219 0.32146886 1.1938769817352295
340 171.25877421432102 57.00754599588275 328.97934 -43.2719 0.353475 1.2242672443389893
341 160.94472205268727 56.32848890447324 330.3193 -43.271793 0.21700057 0.8285919427871704
342 159.8630311439842 55.55530731712346 331.66928 -43.271698 0.04643147 1.1234097480773926
343 158.86104764074307 54.764452360506326 333.01923 -43.271618 0.18622711 1.072991967201233
344 157.92379921858267 53.94808246114864 334.35916 -43.27155 0.07631982 1.1434845924377441
345 159.47852363695557 53.79140079170704 334.62915 -42.431248 0.2699455 1.0646979808807373
346 160.45320742564158 54.58829482354507 333.2993 -42.431293 0.19797458 1.0500534772872925
347 161.4991801213888 55.36285039337159 331.96942 -42.43136 0.1905916 1.1077375411987305
348 162.6188050631117 56.11317960143682 330.63956 -42.43144 0.25344247 0.9634993672370911
349 163.57463492198127 55.437796727882954 329.31967 -42.43153 0.25314417 0.9679046273231506
350 162.45830748242614 54.6917736887349 329.3697 -41.581207 0.25808412 1.0438178777694702
351 161.90397858976445 52.910214669478 330.67966 -41.58111 0.28259706 1.1296204328536987
352 163.97917616178216 54.43258742057018 331.9896 -41.58102 0.21484056 0.8741701245307922
353 165.98829066594925 54.446707928303674 333.29953 -41.580948 0.0801754 1.1128127574920654
354 164.8474769944729 53.72509928982182 334.60944 -41.580887 0.12724628 1.1772427558898926
355 163.78376775656085 52.98036822334358 336.16467 -46.673588 0.22877426 1.022498369216919
356 164.16222240352027 51.91243890681165 337.59467 -46.67357 -0.18065928 0.973540186882019
357 165.1827528309592 52.6648576192735 339.02466 -46.673553 0.07696716 0.8093771934509277
358 166.27799634176313 53.39453746351798 340.45468 -46.673546 0.08603103 0.6800752282142639
359 167.43728136973618 54.09151778096549 341.87466 -46.673546 0.30305317 0.9676448702812195
360 168.20575631729284 53.348581093363464 341.7747 -45.823338 0.19639604 0.8172265887260437
361 167.0569913235736 52.6529915917896 340.36475 -45.82332 0.1579619 0.8820844888687134
362 165.97721244278557 51.928026028844855 338.9548 -45.8233 0.07729432 0.9164496660232544
363 157.0553604418273 53.11254847403742 337.55484 -45.82329 0.195389 0.9070985913276672
364 156.25640737344088 52.26486356413008 336.1449 -45.82329 0.15701757 0.7605270743370056
365 155.51494217784017 51.39608005044891 335.7849 -44.973064 0.2235797 1.067313313484192
366 154.8332334124814 50.51271753634462 337.16492 -44.97305 0.06626542 0.7067591547966003
367 156.24116360504894 50.41417233153965 338.55493 -44.97304 0.08851945 1.0287035703659058
368 156.95675062384117 51.28373431204662 339.9349 -44.973038 0.063352205 0.9253833889961243
369 159.5474627497071 52.32085973103644 341.32492 -44.97304 0.24690078 0.9266989231109619
370 158.70760940540492 51.486191991552296 341.35492 -44.122826 0.2360851 1.030362606048584
371 157.93537839710322 50.63858155358441 339.99496 -44.122795 0.13466507 1.0307464599609375
372 157.2192465574236 49.76963325642569 338.62503 -44.122772 0.13967404 0.9891023635864258
373 158.54431863845448 49.59711893944252 337.2651 -44.122757 0.08232141 0.918939471244812
374 159.29178432618716 50.4559718774946 335.89517 -44.12275 0.21899179 1.1298481225967407
375 160.0964606543162 51.29228665932098 335.70517 -43.272507 0.12037175 1.2445255517959595
376 160.96474006672514 52.109410465971166 337.05518 -43.272495 0.18374826 1.2103893756866455
377 161.8620392650232 51.41738532474915 338.39517 -43.272495 0.24658951 1.0031324625015259
378 160.99501838741247 50.598334650332575 339.74515 -43.2725 0.22442573 1.1482362747192383
379 160.19606267051728 49.76408669452696 341.08514 -43.27251 0.18962818 1.0315512418746948
380 159.45800363384555 48.91177273695948 342.43512 -43.27253 0.28538716 0.863201379776001
381 160.72551162581993 48.664705836052946 341.26517 -42.43228 0.30105516 1.3403156995773315
382 162.31647284214515 50.330857914499404 339.9352 -42.43224 -0.07772665 2.023669481277466
383 156.5611148540508 48.889112275490135 338.6053 -42.43221 0.2770049 1.0515743494033813
384 152.4014628880284 37.56547132913939 337.27536 -42.432182 0.13407071 1.0624958276748657
385 154.36986690590527 24.79451143933887 335.94543 -42.432167 0.14464563 1.1263086795806885
386 171.5138686961888 -1.157489005986758 335.91544 -41.58191 0.18546027 1.0950716733932495
387 171.99023547162275 -0.46531711901038814 337.22543 -41.58191 0.24221645 1.1051127910614014
388 170.37948675938154 0.6551179631051406 338.5354 -41.581917 -0.09317581 1.2750471830368042
389 179.84277505512262 -7.100179892870815 339.8454 -41.581932 0.12421554 1.0765941143035889
390 183.62828832231037 -5.552466763932444 341.15536 -41.581955 0.2149506 1.1334301233291626
391 216.91774897618612 5.2250553605487555 342.46536 -41.58198 0.2198994 1.0011754035949707
392 224.56923304253425 19.47944055288068 343.3056 -46.67322 0.2087978 0.7258685231208801
393 223.56857076458755 19.400374285501425 344.7356 -46.673225 0.27656415 0.6896231770515442
394 221.36194203124393 14.980054534325363 346.1656 -46.673233 0.23671941 0.7759734988212585
395 220.5648369989871 15.346409914559388 347.59555 -46.673244 -0.508002 0.867171049118042
396 220.5503735429482 19.14439485323305 349.02554 -46.67326 0.25963935 0.8171346187591553
397 219.47657889755834 21.248281874956536 348.80554 -45.82307 0.31610072 0.7726981043815613
398 221.69066984757765 25.57910986844554 347.3956 -45.82303 0.37025458 0.6632509231567383
399 221.47478604308137 24.6178621780103 345.99567 -45.82299 0.1786001 0.7205135822296143
400 226.16453636420226 33.791907364301586 344.58575 -45.82296 0.157 0.6525698304176331
401 225.2169780531085 32.23486399250407 343.17584 -45.822933 0.34625053 0.6553177237510681
402 224.1692849412077 33.10451361456341 342.70584 -44.972717 0.24820472 0.6037064790725708
403 224.2148641975483 32.12745995673135 344.09583 -44.972725 0.22091249 0.651478111743927
404 223.203084103913 32.53366556934624 345.4758 -44.97274 0.23814267 0.8493741154670715
405 207.98784798875562 52.88637974902167 346.86578 -44.97276 0.34967542 0.9223557710647583
406 190.17496062587506 57.95566391003068 348.25577 -44.972782 0.24204007 0.8876241445541382
407 188.682879272447 57.03201188515185 348.18573 -44.122585 0.2647921 0.8242164850234985
408 197.6676999186148 56.889848805420215 346.8258 -44.122536 0.26029283 0.8466585278511047
409 189.86516718684106 56.239646851311505 345.4559 -44.12249 0.10496642 0.7336780428886414
410 196.239517604244 54.44358172779097 344.08597 -44.122448 0.2632536 0.9118836522102356
411 174.90005699045722 55.28994075003913 342.72604 -44.122414 0.1376126 0.8592283725738525
412 175.50158269680145 54.50559838472541 343.78598 -43.272213 0.21052547 0.8735823035240173
413 184.67417532760248 55.76755288114316 345.12598 -43.27224 0.30146646 0.8456616997718811
414 185.05657959974525 54.94573148376411 346.47592 -43.272266 0.28160802 0.8442547917366028
415 182.94644518395165 53.719199310352806 347.8259 -43.2723 0.21422555 0.7326918244361877
416 182.8219872882195 51.895069984001644 349.1659 -43.272335 0.31964064 0.7766437530517578
417 173.4569524179499 54.75857242373293 349.22586 -42.432148 0.26529244 0.8001351356506348
418 177.02863351090593 52.093190910492034 347.89594 -42.432083 0.37982035 0.8036239147186279
419 167.27834947316182 51.55293540680983 346.57602 -42.432022 0.23590186 0.8982800245285034
420 170.9366112084471 49.08951924590131 345.2461 -42.431965 0.038449246 1.026656150817871
421 165.7270875871382 44.426590733291285 343.9162 -42.43191 0.22170712 0.9397073984146118
422 168.69037609928546 46.051308612522796 342.58627 -42.431866 0.30198503 0.9111937284469604
423 169.68332975358604 45.55719919052741 343.7762 -41.58167 0.34512225 0.8836140632629395
424 168.8581591246968 44.76660259348452 345.08615 -41.581707 0.3367986 1.0662946701049805
425 168.09894031547248 43.95389492411932 346.39612 -41.58175 0.35084882 1.1639511585235596
426 160.8206183435104 40.24094306903776 347.7061 -41.581795 0.22363502 0.7622619867324829
427 164.47568239593988 42.687962357776804 349.01605 -41.581844 0.26167884 0.7993520498275757
428 164.6952306922482 40.94813697231357 343.36862 5.939075 0.3245118 26.54668617248535
429 165.2128971051684 41.8440812357927 344.35864 5.9390864 0.15556678 25.707841873168945
430 166.17644050766896 41.37657876090003 345.33862 5.939099 0.33043608 20.829696655273438
431 165.65261294052357 40.47833521606239 346.3286 5.939113 0.34189177 16.700923919677734
432 165.1849498607622 39.56444272156198 347.30862 5.9391284 0.30903468 21.368209838867188
433 164.10449917899282 36.75072950319554 348.2986 5.9391456 0.13666126 24.759986877441406
434 158.28313595206808 31.863971572440708 349.2786 5.939164 0.31119317 30.552242279052734
435 160.2824461170668 31.68642474888246 348.37857 6.789169 0.54861504 22.678539276123047
436 166.53933276829727 11.487851835366705 347.3986 6.7891607 0.09849673 15.21543025970459
437 168.12540205684746 10.88870227563121 346.4086 6.7891555 0.22904508 11.222257614135742
438 167.50028254878137 11.656495376050147 345.41858 6.7891526 0.24663451 12.549860000610352
439 168.5685609565896 13.077857361291418 344.43857 6.789153 0.20659745 17.60309410095215
440 169.30535633407212 13.537964688034377 343.44858 6.789156 0.19766013 10.057848930358887
441 181.4209652574149 2.2523185954300193 342.60855 7.6391892 0.23463643 6.819334983825684
442 204.48208058453358 4.717530546297919 343.58856 7.6391926 0.22943753 8.959766387939453
443 205.36075227777548 5.161558552565773 344.57855 7.639197 0.25639942 10.002113342285156
444 210.42430473043436 7.454084399208 345.56857 7.639203 0.23669983 8.466538429260254
445 207.06691235913834 6.138780979482374 346.55856 7.6392107 0.17871934 9.392849922180176
446 212.46579568124648 17.21633679399861 347.54855 7.6392198 0.0055928268 21.93384552001953
447 219.62318390971697 24.882826339684286 348.53854 7.6392307 0.25613946 16.151748657226562
448 218.53299651613898 24.33708355069997 348.77853 8.489256 0.21153416 18.075448989868164
449 215.79849003762223 21.770895100715766 347.78854 8.489255 0.35115778 25.900300979614258
450 219.82945211341672 25.84426604863507 346.79852 8.489257 0.21908894 13.91270923614502
451 219.99644518165366 26.812916607762432 345.80853 8.489263 0.17140622 8.881879806518555
452 220.1254262375129 27.786337311715144 344.81854 8.48927 0.06966803 6.945597171783447
453 220.21525180137024 28.763283019434013 343.8185 8.489282 0.15664105 7.4209184646606445
454 220.2646631382915 29.73830543757178 342.8285 8.489296 0.1690035 7.383822441101074
455 220.2728595123559 30.718424468498387 343.1285 9.339331 0.21674573 7.499184608459473
456 219.29010212722136 30.164261725597157 344.1185 9.339328 0.10820223 7.896239757537842
457 219.26686601316885 29.183850359333572 345.11853 9.339326 0.200096 11.417414665222168
458 219.2009106009873 28.204939483494403 346.10852 9.339326 0.08749913 12.751632690429688
459 219.09350368519932 27.228937172099084 347.0985 9.339327 0.16897847 17.920732498168945
460 218.94649731103118 26.26121382369277 348.0885 9.339331 0.20977786 17.87215232849121
461 217.95854957358293 26.095250111743027 349.0885 9.339335 0.24682006 17.14988899230957
462 218.11019582522067 27.06847637056137 348.4885 10.179363 0.15688998 19.55846405029297
463 218.21938186646616 28.04241021937239 347.48853 10.179373 0.1299908 17.785133361816406
464 218.28557531191314 29.019411340398857 346.4985 10.179386 0.10915466 12.786498069763184
465 218.30747467812796 29.997956557641334 345.4985 10.179401 0.1953889 15.199153900146484
466 217.32432614689824 29.452028825614043 344.50848 10.1794195 0.16381066 13.340188980102539
467 217.28497675535047 28.47069343000545 343.50848 10.1794405 0.18645592 10.190759658813477
468 217.20012784411514 27.495388605103766 342.51846 10.179464 0.26790023 6.287081718444824
469 217.0704335617347 26.520267756320905 342.95847 11.029499 0.22973573 11.499051094055176
470 216.89816801883921 25.55440766066561 343.9585 11.0294895 0.24938612 11.38086223602295
471 216.08234113071367 26.33655742705861 344.9585 11.02948 0.1654139 10.00251579284668
472 216.21713709835996 27.311371505427875 345.9585 11.029473 0.25789526 11.003606796264648
473 216.30518093439161 28.286850106768018 346.94852 11.029468 0.2798785 15.196372032165527
474 216.34567436640347 29.26479129338112 347.94852 11.029463 0.23851171 19.47982406616211
475 215.38078230591228 29.702492795183126 348.94852 11.02946 -0.15442227 30.29366683959961
476 215.37056781420884 28.722605470014003 357.597 -46.6728 0.17188421 0.9026883244514465
477 215.30968029346496 27.744146393801774 359.01694 -46.67283 -0.2310863 0.8627133369445801
478 215.1995893844854 26.769114321070393 358.6569 -45.82267 0.2822389 0.9182735681533813
479 214.2115826880462 26.564190125763712 357.24698 -45.822613 0.28267923 0.9048179388046265
480 214.40609134390579 29.49634282731819 356.56696 -44.97243 0.1851072 1.114410161972046
481 214.36396898244314 30.47659558388836 357.94693 -44.972473 0.2497565 1.1224524974822998
482 218.14279784186283 36.937822408431465 359.33688 -44.97252 -0.33844006 1.1192197799682617
483 216.2738010499906 38.609371179857796 359.10684 -44.122364 0.07084113 0.964169442653656
484 216.19834724357236 36.22144053100966 357.74692 -44.122295 0.0987871 1.0939490795135498
485 215.17086972415115 36.02810253280804 356.377 -44.122227 0.22099042 0.9481089115142822
486 213.22697118450768 39.62784829097194 357.2469 -43.27211 0.19367298 0.7079854011535645
487 213.28031779802686 35.28195323193222 358.59686 -43.272167 0.21100332 0.835997462272644
488 212.8786218127559 36.2071189431964 359.9368 -43.27222 -0.12900783 0.8416163921356201
489 215.24434819634698 43.68820243010228 359.85675 -42.43208 0.22848563 0.7702009677886963
490 213.90686010217053 42.08363898318558 358.52682 -42.432 0.21358326 0.9374878406524658
491 212.2725780204253 42.34467914118917 357.19693 -42.43192 0.25276268 0.7562606930732727
492 213.0232380807752 41.53692982396503 356.88687 -41.581745 0.13737987 1.0243289470672607
493 211.8736878908177 41.295405358316216 358.1968 -41.581818 0.23561591 0.78923100233078
494 209.88388299861055 40.492643029285155 359.50677 -41.58189 0.23591128 0.7625133991241455
495 200.41780313906023 46.7723987913054 6.458265 -52.619648 0.23167738 0.4175364673137665
496 174.472588252752 45.489325005217744 8.068246 -52.619637 0.4682689 0.48734593391418457
497 172.0708631434851 46.21028827555476 9.688225 -52.619625 0.33043218 0.3128984272480011
498 171.14144002748822 45.47444237665024 11.298201 -52.619614 0.23865418 0.40747368335723877
499 170.27588310501147 44.70810942647795 12.908174 -52.619602 0.28807086 0.5017976760864258
500 168.0566131602202 42.24923860710628 13.158157 -51.76958 0.4096772 0.49254393577575684
501 171.192589755087 44.16484826741177 11.578173 -51.76958 0.3084959 0.44865986704826355
502 171.1019751558886 41.08677665067068 9.988186 -51.769577 0.32395148 0.46446600556373596
503 171.81748791228932 41.909569818355685 8.4081955 -51.769577 0.3411814 0.3808214068412781
504 165.22787606771107 29.480287000026227 6.818202 -51.769573 0.109955296 0.6123569011688232
505 167.1415561897556 18.652978629917413 7.7681856 -50.91954 0.23903933 0.70335853099823
506 167.60017892335358 17.7749809998134 9.32817 -50.919537 0.1781804 0.5821470618247986
507 168.08827209391657 16.912644608208815 10.878152 -50.919533 0.18058722 0.48644980788230896
508 168.60509147609832 16.06701200698101 12.438131 -50.91953 0.2413101 0.5616715550422668
509 169.14990676574632 15.239078945721083 12.708128 -50.069504 0.19694756 0.4880129396915436
510 169.9265389890617 15.647868250189855 11.178142 -50.069496 0.2564638 0.6180408596992493
511 169.3817197539771 16.47708836401035 9.648152 -50.069485 0.27563572 0.7504158616065979
512 168.86625315754696 17.32468966736104 8.118159 -50.069477 0.16809277 0.7247564792633057
513 168.38286387897023 18.18600058974478 6.5981636 -50.069466 0.1640389 0.8624444603919983
514 167.9283797724811 19.06701879117337 7.4981623 -49.219433 0.23437186 0.7441074848175049
515 168.90488484259618 19.103386959602343 8.998153 -49.219437 0.23167516 0.46522217988967896
516 169.3675897560228 18.22831729438931 10.498141 -49.219437 0.17992139 0.5268204212188721
517 169.8623435988714 17.37041477800338 11.998126 -49.21944 0.18067735 0.6906699538230896
518 170.39040700654246 16.527556258379008 12.2881365 -48.379414 0.26249257 0.52476567029953
519 171.20219929266818 16.88749054676752 10.818147 -48.3794 0.23913984 0.6428666710853577
520 170.67576332965317 17.726711993767335 9.338154 -48.37938 0.20546657 0.6914141178131104
521 170.18011925587695 18.588381317459827 7.8681583 -48.379364 0.22249584 0.5654266476631165
522 171.18966974148165 18.598024962859252 6.38816 -48.379345 0.25496632 0.42194148898124695
523 171.6966805206991 17.746224514593806 7.2581716 -47.529312 0.20344213 0.491915225982666
524 172.23757821260944 16.914955560212647 8.708169 -47.52932 0.28597292 0.5643916130065918
525 172.53564267839744 18.047222519353358 10.158164 -47.52933 0.15348256 0.4404189884662628
526 172.02405218293535 18.90262582274403 11.608156 -47.52934 0.24795327 0.7855186462402344
527 172.5700677858988 19.753164242393364 13.058146 -47.529346 0.20839362 0.8971713185310364
528 173.0566957786373 18.89015564664635 14.528393 -52.619713 0.25952488 0.6811529397964478
529 173.58329649941737 18.045916935756047 16.138357 -52.619694 0.2063173 0.4563700556755066
530 183.8290409355301 4.094863852441738 17.758316 -52.61967 0.21583658 0.48799118399620056
531 184.70442486904398 3.8008329948839967 19.368273 -52.619648 0.20411527 0.6184269785881042
532 185.69664282984508 3.554344782080997 19.488235 -51.769634 0.17231093 0.6940352320671082
533 186.65619546074421 3.3281830581660103 17.908262 -51.76965 0.25126716 0.5073310136795044
534 187.5605271304758 3.1638403433530358 16.328285 -51.76966 0.24498679 0.6184260249137878
535 188.58846904244206 2.999721069666833 14.738306 -51.769676 0.25686926 0.65099036693573
536 188.55806859314072 3.8365932555225606 13.98829 -50.919662 0.27162617 0.6274697184562683
537 187.61442345473145 4.018251045449442 15.548258 -50.919647 0.27378848 0.6706981658935547
538 186.64464472183627 4.200018094322606 17.098223 -50.919632 0.2523943 0.6261913180351257
539 185.68017856507052 4.435677866881721 18.658184 -50.919613 0.12161573 0.648963451385498
540 184.74435623579592 4.693232832553239 18.80816 -50.0696 0.11028472 0.6321373581886292
541 183.78924465484158 5.002295533113011 17.288187 -50.069607 0.29480147 0.8233647346496582
542 184.16249988287987 5.768243825694333 15.75821 -50.069614 0.22562803 0.7385793328285217
543 185.05573241452134 5.45866861105148 14.2282295 -50.069622 0.087502845 0.7904512286186218
544 186.05067450512007 5.220671544952479 13.508225 -49.219604 0.13280989 0.39489632844924927
545 186.98606834619108 5.00333789053021 15.008199 -49.219593 0.19068001 0.6170699596405029
546 187.94159743860556 4.815284023909457 16.50817 -49.21958 0.22613513 0.7913134098052979
547 188.95538935282062 5.495183639436971 18.008137 -49.219574 0.26701063 0.6493493914604187
548 188.01917025392652 5.6707089480540205 19.5081 -49.219563 0.27142063 0.7755813598632812
549 187.03986984490427 5.859382154574752 19.668093 -48.379547 0.2762577 0.7831870913505554
550 186.09487212583733 6.083093563896449 18.18812 -48.37955 0.18059345 0.837266206741333
551 185.14249076341866 6.3530845779184215 16.718145 -48.37955 0.1887754 0.8238336443901062
552 184.2345989692168 6.690235595311467 15.238166 -48.37955 0.16182648 0.8084519505500793
553 184.60685933165593 7.415390206989097 13.768183 -48.379547 0.21349733 0.7146477699279785
554 185.47487936216265 7.137243220162867 14.508173 -47.529526 0.2312417 0.7865797281265259
555 186.45910168076927 6.858094934601384 15.95815 -47.529522 0.16595747 0.7891385555267334
556 187.4490534822731 6.641122630753573 17.418123 -47.52952 0.19552037 1.1324833631515503
557 188.41353157276382 6.462863195241111 18.868093 -47.529514 0.2360616 0.7578248977661133
558 188.52594199822022 7.291121225101795 308.32922 -52.617332 0.15653574 0.688852071762085
559 187.55772914623455 7.4834095872133455 309.93948 -52.61719 0.12527496 0.7896066308021545
560 186.5854034979431 7.706354350161233 311.54977 -52.617046 0.22947268 0.7438647747039795
561 185.63164585562944 7.974398528993826 313.17 -52.616894 0.17833714 0.8588241338729858
562 184.69967593769036 8.2784842301128 314.78027 -52.616745 0.18099652 0.9737832546234131
563 185.127421202896 9.020376857468383 314.07025 -51.766674 0.23583645 0.9045878648757935
564 186.06517525509145 8.733521056719878 312.4901 -51.76686 0.17678109 0.7977231740951538
565 187.00319471695218 8.4748532056615 310.90997 -51.767048 0.2301883 0.7069969773292542
566 187.99682859192532 8.251529809173233 309.31982 -51.767235 0.058590483 0.7402806878089905
567 188.96899630986798 8.08543952960539 309.37988 -50.917103 0.1210296 0.6812959313392639
568 192.5049117843288 2.7493764063438713 310.94016 -50.916943 0.2954598 0.6952154636383057
569 192.4726191650122 3.5992179371957627 312.49045 -50.916786 0.28503382 0.7815845012664795
570 190.9321154945932 5.334283351110839 314.0507 -50.91662 0.2263525 0.8724701404571533
571 189.3953446521618 6.322613109740214 315.05087 -50.06635 0.23393176 0.9677433371543884
572 193.43031588189942 7.019363260118461 313.52075 -50.06655 0.27736744 0.9560801982879639
573 191.45632117538563 7.00269665227152 312.0006 -50.06675 0.24927694 0.6576888561248779
574 190.470606756186 7.0587995529758345 310.47046 -50.066956 0.22696088 0.6243915557861328
575 189.48816732199836 7.15774123500615 308.94028 -50.067158 0.19307302 0.760373055934906
576 189.94614577987005 7.960985153516984 309.12036 -49.217007 0.17171355 0.8834130764007568
577 190.9329790463546 7.878724005573299 310.63068 -49.216835 0.23315473 0.853859543800354
578 193.89800706323686 7.901071488825199 312.13095 -49.216663 0.19769879 0.8753082156181335
579 199.2920713638442 3.683041057458858 313.63126 -49.216488 0.0064041796 0.7918394207954407
580 209.74636430924895 17.88335256003235 314.76147 -48.37618 0.22056407 0.8164520859718323
581 212.72958230834425 24.114646014866988 313.28134 -48.376396 0.28726885 0.8993978500366211
582 210.08904535850786 25.0405770481756 311.80118 -48.376617 0.28625396 0.8678115606307983
583 208.21207050302905 40.72289557326749 310.331 -48.37684 0.14849222 0.8184890747070312
584 207.07708680544775 40.416001234059244 308.8508 -48.377056 0.20212567 0.9513058662414551
585 204.17601655010776 42.393253601657264 309.1509 -47.526882 0.2372174 0.9461923241615295
586 205.20931664678423 41.780913929941434 310.60126 -47.526703 0.15182097 0.7172207236289978
587 202.19468363805834 42.36007776550378 312.05157 -47.526516 0.2950956 0.7801749110221863
588 178.03198240371972 40.899603347429384 313.50186 -47.526325 0.23402564 1.0827462673187256
589 181.68456079828317 42.06241695515912 314.95215 -47.52613 0.23292913 1.1456232070922852
590 175.3192607369477 31.615865155414145 287.96243 -58.569477 0.37955356 0.8973977565765381
591 174.9729803871421 27.71900610909501 289.8435 -58.569466 0.3450539 0.833253026008606
592 175.92948005993952 27.60000549560929 291.72455 -58.56944 0.33577707 0.7270379662513733
593 174.91930919870924 21.053660847033854 293.60565 -58.569386 0.24065964 0.8506962656974792
594 175.21440933888354 25.7715360935189 293.55542 -57.71945 0.3226337 0.8486925959587097
595 173.93666985238025 19.14536396614318 291.71436 -57.719547 0.23577961 0.36907610297203064
596 174.99641596047127 19.114610775255628 289.8833 -57.71962 0.2167994 0.9293965697288513
597 175.39330487127003 20.17777266757339 288.04227 -57.719666 0.23480777 0.7748327255249023
598 177.00545590127177 19.282599710519936 289.1427 -56.869694 0.23835838 0.8844095468521118
599 183.4306946646219 10.63107081781471 290.93372 -56.8697 0.21422602 0.8691133856773376
600 184.3356551221235 10.287671659782786 292.72476 -56.869686 0.17658788 0.9875181317329407
601 185.27122872471696 9.884471424515944 292.79462 -56.01974 0.21324266 0.9508317112922668
602 187.1734632251736 9.297129123108842 291.04358 -56.019802 0.2439666 0.9971873760223389
603 188.1429409889942 9.093472267942785 289.29257 -56.019836 0.18336718 0.7692105174064636
604 189.11464076579222 8.923247958574336 288.73206 -55.179863 0.14553297 0.9267801642417908
605 189.60354619961453 9.695456784478766 290.45303 -55.1799 0.175347 1.0847710371017456
606 188.68687674728454 9.90414290235134 292.17404 -55.17992 0.15730931 0.9857898950576782
607 187.6559988746496 10.06991727523203 293.88507 -55.179924 0.25044605 0.9290423393249512
608 186.73237805840424 10.369782051635081 294.03497 -54.32998 0.21449518 0.9368366599082947
609 185.76060513606333 10.621774107490706 292.35397 -54.330025 0.24898183 0.9884650707244873
610 184.80729219917637 10.967342427340826 290.67297 -54.33005 0.22464906 1.034704327583313
611 183.9031021026395 11.313599834605071 288.992 -54.33006 0.18444936 0.8924967646598816
612 184.1030315896972 12.144282470141409 288.61157 -53.48007 0.1395925 0.9937552213668823
613 184.99968450126937 11.810178882878258 290.2525 -53.480133 0.26197407 0.8224764466285706
614 185.91745343708155 11.467562837554148 291.90347 -53.480186 0.1519827 1.0561251640319824
615 186.88423827569704 11.132092870466865 293.55447 -53.480225 0.22018452 1.0360956192016602
616 187.85031957968687 10.893808327823102 255.18793 -70.44777 0.1433938 0.9288541078567505
617 188.8297427912161 10.682997079461241 258.10938 -70.44792 0.1926567 0.9601985216140747
618 188.37154022744545 11.65715918523729 261.0409 -70.44805 0.2428932 1.1022199392318726
619 186.4608581148221 12.176605897454634 263.97244 -70.44816 0.17418113 1.230309009552002
620 186.65355656371574 13.023690180224119 266.90402 -70.448235 0.27745393 1.0079760551452637
621 190.10007406257662 8.79873989176432 267.014 -69.59822 0.21969482 1.0356121063232422
622 191.08999992008378 8.720154104407728 264.2025 -69.59817 0.22236863 1.094656229019165
623 192.07922258790614 8.688594705656556 261.39102 -69.59809 0.17416143 1.167039155960083
624 193.07205892316009 8.703920997948192 258.57956 -69.597984 0.24712715 0.9613342881202698
625 194.0598852002108 8.766008050690935 255.76814 -69.59786 0.24425547 0.9443768858909607
626 193.57206989588605 9.581429185631938 254.59772 -68.75776 0.22067384 0.9714455604553223
627 191.58570791185429 9.549100601624668 257.309 -68.75792 0.24491955 0.9602158665657043
628 190.59217140143207 9.606814306553353 260.01028 -68.758064 0.23538594 0.9768601655960083
629 189.81268348491267 10.543739269439511 262.7116 -68.75819 0.25638446 1.0117355585098267
630 193.14802133395492 12.952752514927143 265.42297 -68.758286 0.25281772 0.9695418477058411
631 194.4767326537317 13.937542739982707 265.65305 -67.90827 0.2067103 1.0626689195632935
632 205.31751579843242 22.597082237261308 263.05173 -67.9082 -0.07427863 0.9653628468513489
633 205.01432510396327 33.95737007323113 260.44043 -67.908104 0.22545305 0.898234486579895
634 204.13636424664142 31.329475538648722 257.83917 -67.90799 0.20360711 0.9453448057174683
635 202.39819680717235 32.63659007300069 255.22794 -67.90785 0.19489628 1.0616183280944824
636 202.81574075770786 27.587440951906878 254.30765 -67.05775 0.22885637 0.942348837852478
637 202.3657357623337 30.48958047150188 256.81873 -67.057915 0.28499696 0.827125608921051
638 201.97929362435954 31.409830153242797 259.32986 -67.05807 0.2569268 0.9727025032043457
639 201.85063597763218 28.059750977675055 261.851 -67.058205 0.21562524 0.9073182344436646
640 200.2567957391655 30.559528003400484 264.3622 -67.05833 0.15496163 0.9944729208946228
641 200.33302564151137 37.18217304255227 266.87344 -67.058426 -0.21532731 1.0636343955993652
642 202.62568218210205 33.97157315946217 264.69235 -66.20833 0.3669634 0.9659767150878906
643 198.22144922828895 37.261501809103265 262.27118 -66.20824 0.19615619 0.901546835899353
644 201.79472143915396 33.475916384777975 259.84003 -66.20813 0.20004241 0.9703772664070129
645 189.54442601209598 34.72122469767591 257.4089 -66.208 0.25966287 0.9955629706382751
646 180.33615848550417 24.582161050104418 254.97783 -66.207855 0.2724667 0.9164978861808777
647 182.16303496610325 22.806689976100504 254.25763 -65.357765 0.23298453 1.001418113708496
648 182.7863625812533 23.546334771259843 256.6086 -65.35793 0.17184788 0.8977381587028503
649 183.83103650024705 23.546087201305678 258.9596 -65.35809 0.14407437 0.9572087526321411
650 183.37042675556452 24.429874580146983 261.3106 -65.35824 0.2550571 0.9961657524108887
651 182.65981296200016 27.282943829889902 263.66168 -65.358376 0.2113456 0.9174159169197083
652 183.60770267913588 28.07561482154749 266.01276 -65.3585 0.21587685 0.9930127263069153
653 184.0501843405234 25.178610139348386 269.82605 -70.4479 0.23547558 0.9056991934776306
654 184.45624291653695 24.271752564407112 272.75763 -70.44793 0.11437329 1.0196956396102905
655 183.63125220480194 19.63829192941612 275.68924 -70.44792 0.227543 1.0802220106124878
656 184.03776586616988 20.45649843124616 278.62085 -70.44789 0.25008383 0.9871008396148682
657 191.3810341408002 15.507541080800976 278.2704 -69.597916 0.2571493 1.1171035766601562
658 192.38809779375075 17.18101689468891 275.44882 -69.598 0.21487737 1.2464599609375
659 196.96435537972687 17.22149053339955 272.6373 -69.598045 0.027611967 1.4499679803848267
660 198.2460369544661 18.79043187132778 269.82574 -69.59807 0.22121356 1.048689842224121
661 199.75631744318298 29.13325716549544 268.12473 -68.75805 0.2498484 1.0225346088409424
662 198.9367214140882 30.95327458103971 270.8261 -68.75811 0.20220454 1.1866796016693115
663 197.51426427598827 32.48839297669941 273.53754 -68.75814 0.09939789 1.1796953678131104
664 196.57658574985055 32.05563855924448 276.23895 -68.758156 0.24878973 0.8667185306549072
665 198.54576160130367 29.684294951635383 278.9404 -68.75814 0.20064473 0.9262665510177612
666 197.2385548260488 30.086359156371994 278.68002 -67.908165 0.24233416 0.9326572418212891
667 195.73025900156156 31.541793740402955 276.0786 -67.90823 0.19543466 0.8157545328140259
668 194.74649421349156 32.05031948577336 273.47723 -67.90827 0.19439146 0.8288249373435974
669 193.65845238763643 32.38250429219232 270.8658 -67.90829 0.2272984 0.9674127101898193
670 194.79592477731748 31.05935045545935 268.26447 -67.90827 0.23288776 1.0175387859344482
671 191.70030956664266 30.794955578475683 269.39493 -67.0583 0.24738409 1.0324763059616089
672 185.06808935478458 25.124601056969976 271.9062 -67.058365 0.2318072 1.0391459465026855
673 185.52437897939666 24.236281960012825 274.41745 -67.05841 0.2227727 0.9395964741706848
674 320.2254282282717 -16.128857213510738 276.93875 -67.05843 -1.0802253 0.9750296473503113
