# LVM fiducial metrology file
#
# The purpose of this file is to give fiducial positions relative to the center of an IFU
# for fibers in a given bundle.  The fiber numbering scheme here is clockwise starting
# from the center, incrementing along the vertical x=0 axis, using the Excel IFU fiber map
# schematic as guide. The data structure is as follows.
#
# Data table entries:
# 1) fiberid: Fiber number within the bundle.
# 2) ringid: Ring id number of the fiber
# 3) ringfnum: Fiber number within a ring, starting from 1, at the vertical x=0 position
# 4) raoff: The ra offset of the fiber in arcsec relative to the ifu center
# 5) decoff: The dec offset of the fiber in arcsec relative to the ifu center
#
# raoff and decoff are both given in arcseconds, so they should be added to the central pointing to get
# the effective on-sky coordinates of the fiber
# E.g., if RA=213.3423D and DEC=52.3234D in decimal degrees (ALWAYS use double precision here!)
# then RAfiber=RA+raoff/3600.D/cos(DEC*!DPI/180.)    DECfiber=DEC+decoff/3600.D
#
# Assumes that fiberdiameter=35.3 arcsec
#

fiberid,ringid,ringfnum,raoff,decoff
1,1,1,0.0,0.0
2,2,1,-0.0,37.0
3,2,2,-32.0429,18.5
4,2,3,-32.0429,-18.5
5,2,4,-0.0,-37.0
6,2,5,32.0429,-18.5
7,2,6,32.0429,18.5
8,3,1,-0.0,74.0
9,3,2,-32.0429,55.5
10,3,3,-64.0859,37.0
11,3,4,-64.0859,0.0
12,3,5,-64.0859,-37.0
13,3,6,-32.0429,-55.5
14,3,7,-0.0,-74.0
15,3,8,32.0429,-55.5
16,3,9,64.0859,-37.0
17,3,10,64.0859,0.0
18,3,11,64.0859,37.0
19,3,12,32.0429,55.5
20,4,1,-0.0,111.0
21,4,2,-32.0429,92.5
22,4,3,-64.0859,74.0
23,4,4,-96.1288,55.5
24,4,5,-96.1288,18.5
25,4,6,-96.1288,-18.5
26,4,7,-96.1288,-55.5
27,4,8,-64.0859,-74.0
28,4,9,-32.0429,-92.5
29,4,10,-0.0,-111.0
30,4,11,32.0429,-92.5
31,4,12,64.0859,-74.0
32,4,13,96.1288,-55.5
33,4,14,96.1288,-18.5
34,4,15,96.1288,18.5
35,4,16,96.1288,55.5
36,4,17,64.0859,74.0
37,4,18,32.0429,92.5
38,5,1,-0.0,148.0
39,5,2,-32.0429,129.5
40,5,3,-64.0859,111.0
41,5,4,-96.1288,92.5
42,5,5,-128.1717,74.0
43,5,6,-128.1717,37.0
44,5,7,-128.1717,0.0
45,5,8,-128.1717,-37.0
46,5,9,-128.1717,-74.0
47,5,10,-96.1288,-92.5
48,5,11,-64.0859,-111.0
49,5,12,-32.0429,-129.5
50,5,13,-0.0,-148.0
51,5,14,32.0429,-129.5
52,5,15,64.0859,-111.0
53,5,16,96.1288,-92.5
54,5,17,128.1717,-74.0
55,5,18,128.1717,-37.0
56,5,19,128.1717,0.0
57,5,20,128.1717,37.0
58,5,21,128.1717,74.0
59,5,22,96.1288,92.5
60,5,23,64.0859,111.0
61,5,24,32.0429,129.5
62,6,1,-0.0,185.0
63,6,2,-32.0429,166.5
64,6,3,-64.0859,148.0
65,6,4,-96.1288,129.5
66,6,5,-128.1717,111.0
67,6,6,-160.2147,92.5
68,6,7,-160.2147,55.5
69,6,8,-160.2147,18.5
70,6,9,-160.2147,-18.5
71,6,10,-160.2147,-55.5
72,6,11,-160.2147,-92.5
73,6,12,-128.1717,-111.0
74,6,13,-96.1288,-129.5
75,6,14,-64.0859,-148.0
76,6,15,-32.0429,-166.5
77,6,16,-0.0,-185.0
78,6,17,32.0429,-166.5
79,6,18,64.0859,-148.0
80,6,19,96.1288,-129.5
81,6,20,128.1717,-111.0
82,6,21,160.2147,-92.5
83,6,22,160.2147,-55.5
84,6,23,160.2147,-18.5
85,6,24,160.2147,18.5
86,6,25,160.2147,55.5
87,6,26,160.2147,92.5
88,6,27,128.1717,111.0
89,6,28,96.1288,129.5
90,6,29,64.0859,148.0
91,6,30,32.0429,166.5
92,7,1,-0.0,221.9999
93,7,2,-32.0429,203.4999
94,7,3,-64.0859,185.0
95,7,4,-96.1288,166.5
96,7,5,-128.1717,148.0
97,7,6,-160.2146,129.5
98,7,7,-192.2576,111.0
99,7,8,-192.2576,74.0
100,7,9,-192.2576,37.0
101,7,10,-192.2576,0.0
102,7,11,-192.2576,-37.0
103,7,12,-192.2576,-74.0
104,7,13,-192.2576,-111.0
105,7,14,-160.2146,-129.5
106,7,15,-128.1717,-148.0
107,7,16,-96.1288,-166.5
108,7,17,-64.0859,-185.0
109,7,18,-32.0429,-203.4999
110,7,19,-0.0,-221.9999
111,7,20,32.0429,-203.4999
112,7,21,64.0859,-185.0
113,7,22,96.1288,-166.5
114,7,23,128.1717,-148.0
115,7,24,160.2146,-129.5
116,7,25,192.2576,-111.0
117,7,26,192.2576,-74.0
118,7,27,192.2576,-37.0
119,7,28,192.2576,0.0
120,7,29,192.2576,37.0
121,7,30,192.2576,74.0
122,7,31,192.2576,111.0
123,7,32,160.2146,129.5
124,7,33,128.1717,148.0
125,7,34,96.1288,166.5
126,7,35,64.0859,185.0
127,7,36,32.0429,203.4999
128,8,1,-0.0,258.9999
129,8,2,-32.0429,240.4999
130,8,3,-64.0858,221.9999
131,8,4,-96.1288,203.4999
132,8,5,-128.1717,185.0
133,8,6,-160.2146,166.5
134,8,7,-192.2575,148.0
135,8,8,-224.3005,92.5
136,8,9,-224.3005,55.5
137,8,10,-224.3005,18.5
138,8,11,-224.3005,-18.5
139,8,12,-224.3005,-55.5
140,8,13,-224.3005,-92.5
141,8,14,-224.3004,129.5
142,8,15,-224.3004,-129.5
143,8,16,-192.2575,-148.0
144,8,17,-160.2146,-166.5
145,8,18,-128.1717,-185.0
146,8,19,-96.1288,-203.4999
147,8,20,-64.0858,-221.9999
148,8,21,-32.0429,-240.4999
149,8,22,-0.0,-258.9999
150,8,23,32.0429,-240.4999
151,8,24,64.0858,-221.9999
152,8,25,96.1288,-203.4999
153,8,26,128.1717,-185.0
154,8,27,160.2146,-166.5
155,8,28,192.2575,-148.0
156,8,29,224.3005,-92.5
157,8,30,224.3005,-55.5
158,8,31,224.3005,-18.5
159,8,32,224.3005,18.5
160,8,33,224.3005,55.5
161,8,34,224.3005,92.5
162,8,35,224.3004,-129.5
163,8,36,224.3004,129.5
164,8,37,192.2575,148.0
165,8,38,160.2146,166.5
166,8,39,128.1717,185.0
167,8,40,96.1288,203.4999
168,8,41,64.0858,221.9999
169,8,42,32.0429,240.4999
170,9,1,-0.0,295.9998
171,9,2,-32.0429,277.4998
172,9,3,-64.0858,258.9999
173,9,4,-96.1287,240.4999
174,9,5,-128.1717,221.9999
175,9,6,-160.2146,203.4999
176,9,7,-192.2575,185.0
177,9,8,-224.3004,166.5
178,9,9,-256.3434,111.0
179,9,10,-256.3434,74.0
180,9,11,-256.3434,37.0
181,9,12,-256.3434,0.0
182,9,13,-256.3434,-37.0
183,9,14,-256.3434,-74.0
184,9,15,-256.3434,-111.0
185,9,16,-256.3433,148.0
186,9,17,-256.3433,-148.0
187,9,18,-224.3004,-166.5
188,9,19,-192.2575,-185.0
189,9,20,-160.2146,-203.4999
190,9,21,-128.1717,-221.9999
191,9,22,-96.1287,-240.4999
192,9,23,-64.0858,-258.9999
193,9,24,-32.0429,-277.4998
194,9,25,-0.0,-295.9998
195,9,26,32.0429,-277.4998
196,9,27,64.0858,-258.9999
197,9,28,96.1287,-240.4999
198,9,29,128.1717,-221.9999
199,9,30,160.2146,-203.4999
200,9,31,192.2575,-185.0
201,9,32,224.3004,-166.5
202,9,33,256.3434,-111.0
203,9,34,256.3434,-74.0
204,9,35,256.3434,-37.0
205,9,36,256.3434,0.0
206,9,37,256.3434,37.0
207,9,38,256.3434,74.0
208,9,39,256.3434,111.0
209,9,40,256.3433,-148.0
210,9,41,256.3433,148.0
211,9,42,224.3004,166.5
212,9,43,192.2575,185.0
213,9,44,160.2146,203.4999
214,9,45,128.1717,221.9999
215,9,46,96.1287,240.4999
216,9,47,64.0858,258.9999
217,9,48,32.0429,277.4998
218,10,1,-0.0,332.9997
219,10,2,-32.0429,314.4998
220,10,3,-64.0858,295.9998
221,10,4,-96.1287,277.4998
222,10,5,-128.1716,258.9999
223,10,6,-160.2146,240.4999
224,10,7,-192.2575,221.9999
225,10,8,-224.3004,203.4999
226,10,9,-256.3433,185.0
227,10,10,-288.3863,55.5
228,10,11,-288.3863,18.5
229,10,12,-288.3863,-18.5
230,10,13,-288.3863,-55.5
231,10,14,-288.3862,166.5
232,10,15,-288.3862,129.5
233,10,16,-288.3862,92.5
234,10,17,-288.3862,-92.5
235,10,18,-288.3862,-129.5
236,10,19,-288.3862,-166.5
237,10,20,-256.3433,-185.0
238,10,21,-224.3004,-203.4999
239,10,22,-192.2575,-221.9999
240,10,23,-160.2146,-240.4999
241,10,24,-128.1716,-258.9999
242,10,25,-96.1287,-277.4998
243,10,26,-64.0858,-295.9998
244,10,27,-32.0429,-314.4998
245,10,28,-0.0,-332.9997
246,10,29,32.0429,-314.4998
247,10,30,64.0858,-295.9998
248,10,31,96.1287,-277.4998
249,10,32,128.1716,-258.9999
250,10,33,160.2146,-240.4999
251,10,34,192.2575,-221.9999
252,10,35,224.3004,-203.4999
253,10,36,256.3433,-185.0
254,10,37,288.3863,-55.5
255,10,38,288.3863,-18.5
256,10,39,288.3863,18.5
257,10,40,288.3863,55.5
258,10,41,288.3862,-166.5
259,10,42,288.3862,-129.5
260,10,43,288.3862,-92.5
261,10,44,288.3862,92.5
262,10,45,288.3862,129.5
263,10,46,288.3862,166.5
264,10,47,256.3433,185.0
265,10,48,224.3004,203.4999
266,10,49,192.2575,221.9999
267,10,50,160.2146,240.4999
268,10,51,128.1716,258.9999
269,10,52,96.1287,277.4998
270,10,53,64.0858,295.9998
271,10,54,32.0429,314.4998
272,11,1,-0.0,369.9996
273,11,2,-32.0429,351.4997
274,11,3,-64.0858,332.9997
275,11,4,-96.1287,314.4998
276,11,5,-128.1716,295.9998
277,11,6,-160.2145,277.4998
278,11,7,-192.2574,258.9999
279,11,8,-224.3003,240.4999
280,11,9,-256.3432,221.9999
281,11,10,-288.3861,203.4999
282,11,11,-320.4291,148.0
283,11,12,-320.4291,111.0
284,11,13,-320.4291,74.0
285,11,14,-320.4291,37.0
286,11,15,-320.4291,0.0
287,11,16,-320.4291,-37.0
288,11,17,-320.4291,-74.0
289,11,18,-320.4291,-111.0
290,11,19,-320.4291,-148.0
291,11,20,-320.429,185.0
292,11,21,-320.429,-185.0
293,11,22,-288.3861,-203.4999
294,11,23,-256.3432,-221.9999
295,11,24,-224.3003,-240.4999
296,11,25,-192.2574,-258.9999
297,11,26,-160.2145,-277.4998
298,11,27,-128.1716,-295.9998
299,11,28,-96.1287,-314.4998
300,11,29,-64.0858,-332.9997
301,11,30,-32.0429,-351.4997
302,11,31,-0.0,-369.9996
303,11,32,32.0429,-351.4997
304,11,33,64.0858,-332.9997
305,11,34,96.1287,-314.4998
306,11,35,128.1716,-295.9998
307,11,36,160.2145,-277.4998
308,11,37,192.2574,-258.9999
309,11,38,224.3003,-240.4999
310,11,39,256.3432,-221.9999
311,11,40,288.3861,-203.4999
312,11,41,320.4291,-148.0
313,11,42,320.4291,-111.0
314,11,43,320.4291,-74.0
315,11,44,320.4291,-37.0
316,11,45,320.4291,0.0
317,11,46,320.4291,37.0
318,11,47,320.4291,74.0
319,11,48,320.4291,111.0
320,11,49,320.4291,148.0
321,11,50,320.429,-185.0
322,11,51,320.429,185.0
323,11,52,288.3861,203.4999
324,11,53,256.3432,221.9999
325,11,54,224.3003,240.4999
326,11,55,192.2574,258.9999
327,11,56,160.2145,277.4998
328,11,57,128.1716,295.9998
329,11,58,96.1287,314.4998
330,11,59,64.0858,332.9997
331,11,60,32.0429,351.4997
332,12,1,-0.0,406.9995
333,12,2,-32.0429,388.4995
334,12,3,-64.0858,369.9996
335,12,4,-96.1287,351.4997
336,12,5,-128.1716,332.9997
337,12,6,-160.2145,314.4998
338,12,7,-192.2574,295.9998
339,12,8,-224.3003,277.4998
340,12,9,-256.3432,258.9999
341,12,10,-288.3861,240.4999
342,12,11,-320.429,221.9999
343,12,12,-352.472,92.5
344,12,13,-352.472,55.5
345,12,14,-352.472,18.5
346,12,15,-352.472,-18.5
347,12,16,-352.472,-55.5
348,12,17,-352.472,-92.5
349,12,18,-352.4719,166.5
350,12,19,-352.4719,129.5
351,12,20,-352.4719,-129.5
352,12,21,-352.4719,-166.5
353,12,22,-352.4718,203.4999
354,12,23,-352.4718,-203.4999
355,12,24,-320.429,-221.9999
356,12,25,-288.3861,-240.4999
357,12,26,-256.3432,-258.9999
358,12,27,-224.3003,-277.4998
359,12,28,-192.2574,-295.9998
360,12,29,-160.2145,-314.4998
361,12,30,-128.1716,-332.9997
362,12,31,-96.1287,-351.4997
363,12,32,-64.0858,-369.9996
364,12,33,-32.0429,-388.4995
365,12,34,-0.0,-406.9995
366,12,35,32.0429,-388.4995
367,12,36,64.0858,-369.9996
368,12,37,96.1287,-351.4997
369,12,38,128.1716,-332.9997
370,12,39,160.2145,-314.4998
371,12,40,192.2574,-295.9998
372,12,41,224.3003,-277.4998
373,12,42,256.3432,-258.9999
374,12,43,288.3861,-240.4999
375,12,44,320.429,-221.9999
376,12,45,352.472,-92.5
377,12,46,352.472,-55.5
378,12,47,352.472,-18.5
379,12,48,352.472,18.5
380,12,49,352.472,55.5
381,12,50,352.472,92.5
382,12,51,352.4719,-166.5
383,12,52,352.4719,-129.5
384,12,53,352.4719,129.5
385,12,54,352.4719,166.5
386,12,55,352.4718,-203.4999
387,12,56,352.4718,203.4999
388,12,57,320.429,221.9999
389,12,58,288.3861,240.4999
390,12,59,256.3432,258.9999
391,12,60,224.3003,277.4998
392,12,61,192.2574,295.9998
393,12,62,160.2145,314.4998
394,12,63,128.1716,332.9997
395,12,64,96.1287,351.4997
396,12,65,64.0858,369.9996
397,12,66,32.0429,388.4995
398,13,1,-0.0,443.9993
399,13,2,-32.0429,425.4994
400,13,3,-64.0858,406.9995
401,13,4,-96.1286,388.4995
402,13,5,-128.1715,369.9996
403,13,6,-160.2144,351.4997
404,13,7,-192.2573,332.9997
405,13,8,-224.3002,314.4998
406,13,9,-256.3431,295.9998
407,13,10,-288.386,277.4998
408,13,11,-320.4289,258.9999
409,13,12,-352.4718,240.4999
410,13,13,-384.5148,111.0
411,13,14,-384.5148,74.0
412,13,15,-384.5148,37.0
413,13,16,-384.5148,0.0
414,13,17,-384.5148,-37.0
415,13,18,-384.5148,-74.0
416,13,19,-384.5148,-111.0
417,13,20,-384.5147,185.0
418,13,21,-384.5147,148.0
419,13,22,-384.5147,-148.0
420,13,23,-384.5147,-185.0
421,13,24,-384.5146,221.9999
422,13,25,-384.5146,-221.9999
423,13,26,-352.4718,-240.4999
424,13,27,-320.4289,-258.9999
425,13,28,-288.386,-277.4998
426,13,29,-256.3431,-295.9998
427,13,30,-224.3002,-314.4998
428,13,31,-192.2573,-332.9997
429,13,32,-160.2144,-351.4997
430,13,33,-128.1715,-369.9996
431,13,34,-96.1286,-388.4995
432,13,35,-64.0858,-406.9995
433,13,36,-32.0429,-425.4994
434,13,37,-0.0,-443.9993
435,13,38,32.0429,-425.4994
436,13,39,64.0858,-406.9995
437,13,40,96.1286,-388.4995
438,13,41,128.1715,-369.9996
439,13,42,160.2144,-351.4997
440,13,43,192.2573,-332.9997
441,13,44,224.3002,-314.4998
442,13,45,256.3431,-295.9998
443,13,46,288.386,-277.4998
444,13,47,320.4289,-258.9999
445,13,48,352.4718,-240.4999
446,13,49,384.5148,-111.0
447,13,50,384.5148,-74.0
448,13,51,384.5148,-37.0
449,13,52,384.5148,0.0
450,13,53,384.5148,37.0
451,13,54,384.5148,74.0
452,13,55,384.5148,111.0
453,13,56,384.5147,-185.0
454,13,57,384.5147,-148.0
455,13,58,384.5147,148.0
456,13,59,384.5147,185.0
457,13,60,384.5146,-221.9999
458,13,61,384.5146,221.9999
459,13,62,352.4718,240.4999
460,13,63,320.4289,258.9999
461,13,64,288.386,277.4998
462,13,65,256.3431,295.9998
463,13,66,224.3002,314.4998
464,13,67,192.2573,332.9997
465,13,68,160.2144,351.4997
466,13,69,128.1715,369.9996
467,13,70,96.1286,388.4995
468,13,71,64.0858,406.9995
469,13,72,32.0429,425.4994
470,14,1,-0.0,480.9991
471,14,2,-32.0429,462.4992
472,14,3,-64.0857,443.9993
473,14,4,-96.1286,425.4994
474,14,5,-128.1715,406.9995
475,14,6,-160.2144,388.4995
476,14,7,-192.2573,369.9996
477,14,8,-224.3002,351.4997
478,14,9,-256.3431,332.9997
479,14,10,-288.3859,314.4998
480,14,11,-320.4288,295.9998
481,14,12,-352.4717,277.4998
482,14,13,-384.5145,258.9999
483,14,14,-416.5577,18.5
484,14,15,-416.5577,-18.5
485,14,16,-416.5576,129.5
486,14,17,-416.5576,92.5
487,14,18,-416.5576,55.5
488,14,19,-416.5576,-55.5
489,14,20,-416.5576,-92.5
490,14,21,-416.5576,-129.5
491,14,22,-416.5575,203.4999
492,14,23,-416.5575,166.5
493,14,24,-416.5575,-166.5
494,14,25,-416.5575,-203.4999
495,14,26,-416.5574,240.4999
496,14,27,-416.5574,-240.4999
497,14,28,-384.5145,-258.9999
498,14,29,-352.4717,-277.4998
499,14,30,-320.4288,-295.9998
500,14,31,-288.3859,-314.4998
501,14,32,-256.3431,-332.9997
502,14,33,-224.3002,-351.4997
503,14,34,-192.2573,-369.9996
504,14,35,-160.2144,-388.4995
505,14,36,-128.1715,-406.9995
506,14,37,-96.1286,-425.4994
507,14,38,-64.0857,-443.9993
508,14,39,-32.0429,-462.4992
509,14,40,-0.0,-480.9991
510,14,41,32.0429,-462.4992
511,14,42,64.0857,-443.9993
512,14,43,96.1286,-425.4994
513,14,44,128.1715,-406.9995
514,14,45,160.2144,-388.4995
515,14,46,192.2573,-369.9996
516,14,47,224.3002,-351.4997
517,14,48,256.3431,-332.9997
518,14,49,288.3859,-314.4998
519,14,50,320.4288,-295.9998
520,14,51,352.4717,-277.4998
521,14,52,384.5145,-258.9999
522,14,53,416.5577,-18.5
523,14,54,416.5577,18.5
524,14,55,416.5576,-129.5
525,14,56,416.5576,-92.5
526,14,57,416.5576,-55.5
527,14,58,416.5576,55.5
528,14,59,416.5576,92.5
529,14,60,416.5576,129.5
530,14,61,416.5575,-203.4999
531,14,62,416.5575,-166.5
532,14,63,416.5575,166.5
533,14,64,416.5575,203.4999
534,14,65,416.5574,-240.4999
535,14,66,416.5574,240.4999
536,14,67,384.5145,258.9999
537,14,68,352.4717,277.4998
538,14,69,320.4288,295.9998
539,14,70,288.3859,314.4998
540,14,71,256.3431,332.9997
541,14,72,224.3002,351.4997
542,14,73,192.2573,369.9996
543,14,74,160.2144,388.4995
544,14,75,128.1715,406.9995
545,14,76,96.1286,425.4994
546,14,77,64.0857,443.9993
547,14,78,32.0429,462.4992
548,15,1,-0.0,517.9989
549,15,2,-32.0428,499.499
550,15,3,-64.0857,480.9991
551,15,4,-96.1286,462.4992
552,15,5,-128.1714,443.9993
553,15,6,-160.2143,425.4994
554,15,7,-192.2572,406.9995
555,15,8,-224.3001,388.4995
556,15,9,-256.343,369.9996
557,15,10,-288.3859,351.4997
558,15,11,-320.4287,332.9997
559,15,12,-352.4716,314.4998
560,15,13,-384.5144,295.9998
561,15,14,-416.5573,277.4998
562,15,15,-448.6005,0.0
563,15,16,-448.6004,111.0
564,15,17,-448.6004,74.0
565,15,18,-448.6004,37.0
566,15,19,-448.6004,-37.0
567,15,20,-448.6004,-74.0
568,15,21,-448.6004,-111.0
569,15,22,-448.6003,185.0
570,15,23,-448.6003,148.0
571,15,24,-448.6003,-148.0
572,15,25,-448.6003,-185.0
573,15,26,-448.6002,221.9999
574,15,27,-448.6002,-221.9999
575,15,28,-448.6001,258.9999
576,15,29,-448.6001,-258.9999
577,15,30,-416.5573,-277.4998
578,15,31,-384.5144,-295.9998
579,15,32,-352.4716,-314.4998
580,15,33,-320.4287,-332.9997
581,15,34,-288.3859,-351.4997
582,15,35,-256.343,-369.9996
583,15,36,-224.3001,-388.4995
584,15,37,-192.2572,-406.9995
585,15,38,-160.2143,-425.4994
586,15,39,-128.1714,-443.9993
587,15,40,-96.1286,-462.4992
588,15,41,-64.0857,-480.9991
589,15,42,-32.0428,-499.499
590,15,43,-0.0,-517.9989
591,15,44,32.0428,-499.499
592,15,45,64.0857,-480.9991
593,15,46,96.1286,-462.4992
594,15,47,128.1714,-443.9993
595,15,48,160.2143,-425.4994
596,15,49,192.2572,-406.9995
597,15,50,224.3001,-388.4995
598,15,51,256.343,-369.9996
599,15,52,288.3859,-351.4997
600,15,53,320.4287,-332.9997
601,15,54,352.4716,-314.4998
602,15,55,384.5144,-295.9998
603,15,56,416.5573,-277.4998
604,15,57,448.6005,0.0
605,15,58,448.6004,-111.0
606,15,59,448.6004,-74.0
607,15,60,448.6004,-37.0
608,15,61,448.6004,37.0
609,15,62,448.6004,74.0
610,15,63,448.6004,111.0
611,15,64,448.6003,-185.0
612,15,65,448.6003,-148.0
613,15,66,448.6003,148.0
614,15,67,448.6003,185.0
615,15,68,448.6002,-221.9999
616,15,69,448.6002,221.9999
617,15,70,448.6001,-258.9999
618,15,71,448.6001,258.9999
619,15,72,416.5573,277.4998
620,15,73,384.5144,295.9998
621,15,74,352.4716,314.4998
622,15,75,320.4287,332.9997
623,15,76,288.3859,351.4997
624,15,77,256.343,369.9996
625,15,78,224.3001,388.4995
626,15,79,192.2572,406.9995
627,15,80,160.2143,425.4994
628,15,81,128.1714,443.9993
629,15,82,96.1286,462.4992
630,15,83,64.0857,480.9991
631,15,84,32.0428,499.499
632,16,1,-0.0,554.9987
633,16,2,-32.0428,536.4988
634,16,3,-64.0857,517.9989
635,16,4,-96.1285,499.499
636,16,5,-128.1714,480.9991
637,16,6,-160.2143,462.4992
638,16,7,-192.2571,443.9993
639,16,8,-224.3,425.4994
640,16,9,-256.3429,406.9995
641,16,10,-288.3858,388.4995
642,16,11,-320.4286,369.9996
643,16,12,-352.4715,351.4997
644,16,13,-384.5143,332.9997
645,16,14,-416.5572,314.4998
646,16,15,-448.6,295.9998
647,16,16,-480.6432,92.5
648,16,17,-480.6432,55.5
649,16,18,-480.6432,18.5
650,16,19,-480.6432,-18.5
651,16,20,-480.6432,-55.5
652,16,21,-480.6432,-92.5
653,16,22,-480.6431,166.5
654,16,23,-480.6431,129.5
655,16,24,-480.6431,-129.5
656,16,25,-480.6431,-166.5
657,16,26,-480.643,203.4999
658,16,27,-480.643,-203.4999
659,16,28,-480.6429,240.4999
660,16,29,-480.6429,-240.4999
661,16,30,-480.6428,277.4998
662,16,31,-480.6428,-277.4998
663,16,32,-448.6,-295.9998
664,16,33,-416.5572,-314.4998
665,16,34,-384.5143,-332.9997
666,16,35,-352.4715,-351.4997
667,16,36,-320.4286,-369.9996
668,16,37,-288.3858,-388.4995
669,16,38,-256.3429,-406.9995
670,16,39,-224.3,-425.4994
671,16,40,-192.2571,-443.9993
672,16,41,-160.2143,-462.4992
673,16,42,-128.1714,-480.9991
674,16,43,-96.1285,-499.499
675,16,44,-64.0857,-517.9989
676,16,45,-32.0428,-536.4988
677,16,46,-0.0,-554.9987
678,16,47,32.0428,-536.4988
679,16,48,64.0857,-517.9989
680,16,49,96.1285,-499.499
681,16,50,128.1714,-480.9991
682,16,51,160.2143,-462.4992
683,16,52,192.2571,-443.9993
684,16,53,224.3,-425.4994
685,16,54,256.3429,-406.9995
686,16,55,288.3858,-388.4995
687,16,56,320.4286,-369.9996
688,16,57,352.4715,-351.4997
689,16,58,384.5143,-332.9997
690,16,59,416.5572,-314.4998
691,16,60,448.6,-295.9998
692,16,61,480.6432,-92.5
693,16,62,480.6432,-55.5
694,16,63,480.6432,-18.5
695,16,64,480.6432,18.5
696,16,65,480.6432,55.5
697,16,66,480.6432,92.5
698,16,67,480.6431,-166.5
699,16,68,480.6431,-129.5
700,16,69,480.6431,129.5
701,16,70,480.6431,166.5
702,16,71,480.643,-203.4999
703,16,72,480.643,203.4999
704,16,73,480.6429,-240.4999
705,16,74,480.6429,240.4999
706,16,75,480.6428,-277.4998
707,16,76,480.6428,277.4998
708,16,77,448.6,295.9998
709,16,78,416.5572,314.4998
710,16,79,384.5143,332.9997
711,16,80,352.4715,351.4997
712,16,81,320.4286,369.9996
713,16,82,288.3858,388.4995
714,16,83,256.3429,406.9995
715,16,84,224.3,425.4994
716,16,85,192.2571,443.9993
717,16,86,160.2143,462.4992
718,16,87,128.1714,480.9991
719,16,88,96.1285,499.499
720,16,89,64.0857,517.9989
721,16,90,32.0428,536.4988
722,17,1,-0.0,591.9984
723,17,2,-32.0428,573.4985
724,17,3,-64.0856,554.9987
725,17,4,-96.1285,536.4988
726,17,5,-128.1713,517.9989
727,17,6,-160.2142,499.499
728,17,7,-192.2571,480.9991
729,17,8,-224.2999,462.4992
730,17,9,-256.3428,443.9993
731,17,10,-288.3857,425.4994
732,17,11,-320.4285,406.9995
733,17,12,-352.4714,388.4995
734,17,13,-384.5142,369.9996
735,17,14,-416.557,351.4997
736,17,15,-448.5999,332.9997
737,17,16,-480.6427,314.4998
738,17,17,-512.686,74.0
739,17,18,-512.686,37.0
740,17,19,-512.686,0.0
741,17,20,-512.686,-37.0
742,17,21,-512.686,-74.0
743,17,22,-512.6859,148.0
744,17,23,-512.6859,111.0
745,17,24,-512.6859,-111.0
746,17,25,-512.6859,-148.0
747,17,26,-512.6858,185.0
748,17,27,-512.6858,-185.0
749,17,28,-512.6857,221.9999
750,17,29,-512.6857,-221.9999
751,17,30,-512.6856,258.9999
752,17,31,-512.6856,-258.9999
753,17,32,-512.6855,295.9998
754,17,33,-512.6855,-295.9998
755,17,34,-480.6427,-314.4998
756,17,35,-448.5999,-332.9997
757,17,36,-416.557,-351.4997
758,17,37,-384.5142,-369.9996
759,17,38,-352.4714,-388.4995
760,17,39,-320.4285,-406.9995
761,17,40,-288.3857,-425.4994
762,17,41,-256.3428,-443.9993
763,17,42,-224.2999,-462.4992
764,17,43,-192.2571,-480.9991
765,17,44,-160.2142,-499.499
766,17,45,-128.1713,-517.9989
767,17,46,-96.1285,-536.4988
768,17,47,-64.0856,-554.9987
769,17,48,-32.0428,-573.4985
770,17,49,-0.0,-591.9984
771,17,50,32.0428,-573.4985
772,17,51,64.0856,-554.9987
773,17,52,96.1285,-536.4988
774,17,53,128.1713,-517.9989
775,17,54,160.2142,-499.499
776,17,55,192.2571,-480.9991
777,17,56,224.2999,-462.4992
778,17,57,256.3428,-443.9993
779,17,58,288.3857,-425.4994
780,17,59,320.4285,-406.9995
781,17,60,352.4714,-388.4995
782,17,61,384.5142,-369.9996
783,17,62,416.557,-351.4997
784,17,63,448.5999,-332.9997
785,17,64,480.6427,-314.4998
786,17,65,512.686,-74.0
787,17,66,512.686,-37.0
788,17,67,512.686,0.0
789,17,68,512.686,37.0
790,17,69,512.686,74.0
791,17,70,512.6859,-148.0
792,17,71,512.6859,-111.0
793,17,72,512.6859,111.0
794,17,73,512.6859,148.0
795,17,74,512.6858,-185.0
796,17,75,512.6858,185.0
797,17,76,512.6857,-221.9999
798,17,77,512.6857,221.9999
799,17,78,512.6856,-258.9999
800,17,79,512.6856,258.9999
801,17,80,512.6855,-295.9998
802,17,81,512.6855,295.9998
803,17,82,480.6427,314.4998
804,17,83,448.5999,332.9997
805,17,84,416.557,351.4997
806,17,85,384.5142,369.9996
807,17,86,352.4714,388.4995
808,17,87,320.4285,406.9995
809,17,88,288.3857,425.4994
810,17,89,256.3428,443.9993
811,17,90,224.2999,462.4992
812,17,91,192.2571,480.9991
813,17,92,160.2142,499.499
814,17,93,128.1713,517.9989
815,17,94,96.1285,536.4988
816,17,95,64.0856,554.9987
817,17,96,32.0428,573.4985
818,18,1,-0.0,628.9981
819,18,2,-32.0428,610.4982
820,18,3,-64.0856,591.9984
821,18,4,-96.1284,573.4985
822,18,5,-128.1713,554.9987
823,18,6,-160.2141,536.4988
824,18,7,-192.257,517.9989
825,18,8,-224.2998,499.499
826,18,9,-256.3427,480.9991
827,18,10,-288.3855,462.4992
828,18,11,-320.4284,443.9993
829,18,12,-352.4712,425.4994
830,18,13,-384.5141,406.9995
831,18,14,-416.5569,388.4995
832,18,15,-448.5997,369.9996
833,18,16,-480.6425,351.4997
834,18,17,-512.6853,332.9997
835,18,18,-544.7287,92.5
836,18,19,-544.7287,55.5
837,18,20,-544.7287,18.5
838,18,21,-544.7287,-18.5
839,18,22,-544.7287,-55.5
840,18,23,-544.7287,-92.5
841,18,24,-544.7286,129.5
842,18,25,-544.7286,-129.5
843,18,26,-544.7285,166.5
844,18,27,-544.7285,-166.5
845,18,28,-544.7284,203.4999
846,18,29,-544.7284,-203.4999
847,18,30,-544.7283,240.4999
848,18,31,-544.7283,-240.4999
849,18,32,-544.7282,277.4998
850,18,33,-544.7282,-277.4998
851,18,34,-544.7281,314.4998
852,18,35,-544.7281,-314.4998
853,18,36,-512.6853,-332.9997
854,18,37,-480.6425,-351.4997
855,18,38,-448.5997,-369.9996
856,18,39,-416.5569,-388.4995
857,18,40,-384.5141,-406.9995
858,18,41,-352.4712,-425.4994
859,18,42,-320.4284,-443.9993
860,18,43,-288.3855,-462.4992
861,18,44,-256.3427,-480.9991
862,18,45,-224.2998,-499.499
863,18,46,-192.257,-517.9989
864,18,47,-160.2141,-536.4988
865,18,48,-128.1713,-554.9987
866,18,49,-96.1284,-573.4985
867,18,50,-64.0856,-591.9984
868,18,51,-32.0428,-610.4982
869,18,52,-0.0,-628.9981
870,18,53,32.0428,-610.4982
871,18,54,64.0856,-591.9984
872,18,55,96.1284,-573.4985
873,18,56,128.1713,-554.9987
874,18,57,160.2141,-536.4988
875,18,58,192.257,-517.9989
876,18,59,224.2998,-499.499
877,18,60,256.3427,-480.9991
878,18,61,288.3855,-462.4992
879,18,62,320.4284,-443.9993
880,18,63,352.4712,-425.4994
881,18,64,384.5141,-406.9995
882,18,65,416.5569,-388.4995
883,18,66,448.5997,-369.9996
884,18,67,480.6425,-351.4997
885,18,68,512.6853,-332.9997
886,18,69,544.7287,-92.5
887,18,70,544.7287,-55.5
888,18,71,544.7287,-18.5
889,18,72,544.7287,18.5
890,18,73,544.7287,55.5
891,18,74,544.7287,92.5
892,18,75,544.7286,-129.5
893,18,76,544.7286,129.5
894,18,77,544.7285,-166.5
895,18,78,544.7285,166.5
896,18,79,544.7284,-203.4999
897,18,80,544.7284,203.4999
898,18,81,544.7283,-240.4999
899,18,82,544.7283,240.4999
900,18,83,544.7282,-277.4998
901,18,84,544.7282,277.4998
902,18,85,544.7281,-314.4998
903,18,86,544.7281,314.4998
904,18,87,512.6853,332.9997
905,18,88,480.6425,351.4997
906,18,89,448.5997,369.9996
907,18,90,416.5569,388.4995
908,18,91,384.5141,406.9995
909,18,92,352.4712,425.4994
910,18,93,320.4284,443.9993
911,18,94,288.3855,462.4992
912,18,95,256.3427,480.9991
913,18,96,224.2998,499.499
914,18,97,192.257,517.9989
915,18,98,160.2141,536.4988
916,18,99,128.1713,554.9987
917,18,100,96.1284,573.4985
918,18,101,64.0856,591.9984
919,18,102,32.0428,610.4982
920,19,1,-0.0,665.9977
921,19,2,-32.0428,647.4979
922,19,3,-64.0856,628.9981
923,19,4,-96.1284,610.4982
924,19,5,-128.1712,591.9984
925,19,6,-160.214,573.4985
926,19,7,-192.2569,554.9987
927,19,8,-224.2997,536.4988
928,19,9,-256.3426,517.9989
929,19,10,-288.3854,499.499
930,19,11,-320.4283,480.9991
931,19,12,-352.4711,462.4992
932,19,13,-384.5139,443.9993
933,19,14,-416.5568,425.4994
934,19,15,-448.5996,406.9995
935,19,16,-480.6424,388.4995
936,19,17,-512.6852,369.9996
937,19,18,-544.7279,351.4997
938,19,19,-576.7714,74.0
939,19,20,-576.7714,37.0
940,19,21,-576.7714,0.0
941,19,22,-576.7714,-37.0
942,19,23,-576.7714,-74.0
943,19,24,-576.7713,148.0
944,19,25,-576.7713,111.0
945,19,26,-576.7713,-111.0
946,19,27,-576.7713,-148.0
947,19,28,-576.7712,185.0
948,19,29,-576.7712,-185.0
949,19,30,-576.7711,221.9999
950,19,31,-576.7711,-221.9999
951,19,32,-576.771,258.9999
952,19,33,-576.771,-258.9999
953,19,34,-576.7708,295.9998
954,19,35,-576.7708,-295.9998
955,19,36,-576.7707,332.9997
956,19,37,-576.7707,-332.9997
957,19,38,-544.7279,-351.4997
958,19,39,-512.6852,-369.9996
959,19,40,-480.6424,-388.4995
960,19,41,-448.5996,-406.9995
961,19,42,-416.5568,-425.4994
962,19,43,-384.5139,-443.9993
963,19,44,-352.4711,-462.4992
964,19,45,-320.4283,-480.9991
965,19,46,-288.3854,-499.499
966,19,47,-256.3426,-517.9989
967,19,48,-224.2997,-536.4988
968,19,49,-192.2569,-554.9987
969,19,50,-160.214,-573.4985
970,19,51,-128.1712,-591.9984
971,19,52,-96.1284,-610.4982
972,19,53,-64.0856,-628.9981
973,19,54,-32.0428,-647.4979
974,19,55,-0.0,-665.9977
975,19,56,32.0428,-647.4979
976,19,57,64.0856,-628.9981
977,19,58,96.1284,-610.4982
978,19,59,128.1712,-591.9984
979,19,60,160.214,-573.4985
980,19,61,192.2569,-554.9987
981,19,62,224.2997,-536.4988
982,19,63,256.3426,-517.9989
983,19,64,288.3854,-499.499
984,19,65,320.4283,-480.9991
985,19,66,352.4711,-462.4992
986,19,67,384.5139,-443.9993
987,19,68,416.5568,-425.4994
988,19,69,448.5996,-406.9995
989,19,70,480.6424,-388.4995
990,19,71,512.6852,-369.9996
991,19,72,544.7279,-351.4997
992,19,73,576.7714,-74.0
993,19,74,576.7714,-37.0
994,19,75,576.7714,0.0
995,19,76,576.7714,37.0
996,19,77,576.7714,74.0
997,19,78,576.7713,-148.0
998,19,79,576.7713,-111.0
999,19,80,576.7713,111.0
1000,19,81,576.7713,148.0
1001,19,82,576.7712,-185.0
1002,19,83,576.7712,185.0
1003,19,84,576.7711,-221.9999
1004,19,85,576.7711,221.9999
1005,19,86,576.771,-258.9999
1006,19,87,576.771,258.9999
1007,19,88,576.7708,-295.9998
1008,19,89,576.7708,295.9998
1009,19,90,576.7707,-332.9997
1010,19,91,576.7707,332.9997
1011,19,92,544.7279,351.4997
1012,19,93,512.6852,369.9996
1013,19,94,480.6424,388.4995
1014,19,95,448.5996,406.9995
1015,19,96,416.5568,425.4994
1016,19,97,384.5139,443.9993
1017,19,98,352.4711,462.4992
1018,19,99,320.4283,480.9991
1019,19,100,288.3854,499.499
1020,19,101,256.3426,517.9989
1021,19,102,224.2997,536.4988
1022,19,103,192.2569,554.9987
1023,19,104,160.214,573.4985
1024,19,105,128.1712,591.9984
1025,19,106,96.1284,610.4982
1026,19,107,64.0856,628.9981
1027,19,108,32.0428,647.4979
1028,20,1,-0.0,702.9973
1029,20,2,-32.0428,684.4975
1030,20,3,-64.0855,665.9977
1031,20,4,-96.1283,647.4979
1032,20,5,-128.1711,628.9981
1033,20,6,-160.214,610.4982
1034,20,7,-192.2568,591.9984
1035,20,8,-224.2996,573.4985
1036,20,9,-256.3425,554.9987
1037,20,10,-288.3853,536.4988
1038,20,11,-320.4281,517.9989
1039,20,12,-352.471,499.499
1040,20,13,-384.5138,480.9991
1041,20,14,-416.5566,462.4992
1042,20,15,-448.5994,443.9993
1043,20,16,-480.6422,425.4994
1044,20,17,-512.685,406.9995
1045,20,18,-544.7277,388.4995
1046,20,19,-576.7705,369.9996
1047,20,20,-608.8141,55.5
1048,20,21,-608.8141,18.5
1049,20,22,-608.8141,-18.5
1050,20,23,-608.8141,-55.5
1051,20,24,-608.814,129.5
1052,20,25,-608.814,92.5
1053,20,26,-608.814,-92.5
1054,20,27,-608.814,-129.5
1055,20,28,-608.8139,166.5
1056,20,29,-608.8139,-166.5
1057,20,30,-608.8138,203.4999
1058,20,31,-608.8138,-203.4999
1059,20,32,-608.8137,240.4999
1060,20,33,-608.8137,-240.4999
1061,20,34,-608.8135,277.4998
1062,20,35,-608.8135,-277.4998
1063,20,36,-608.8134,314.4998
1064,20,37,-608.8134,-314.4998
1065,20,38,-608.8132,351.4997
1066,20,39,-608.8132,-351.4997
1067,20,40,-576.7705,-369.9996
1068,20,41,-544.7277,-388.4995
1069,20,42,-512.685,-406.9995
1070,20,43,-480.6422,-425.4994
1071,20,44,-448.5994,-443.9993
1072,20,45,-416.5566,-462.4992
1073,20,46,-384.5138,-480.9991
1074,20,47,-352.471,-499.499
1075,20,48,-320.4281,-517.9989
1076,20,49,-288.3853,-536.4988
1077,20,50,-256.3425,-554.9987
1078,20,51,-224.2996,-573.4985
1079,20,52,-192.2568,-591.9984
1080,20,53,-160.214,-610.4982
1081,20,54,-128.1711,-628.9981
1082,20,55,-96.1283,-647.4979
1083,20,56,-64.0855,-665.9977
1084,20,57,-32.0428,-684.4975
1085,20,58,-0.0,-702.9973
1086,20,59,32.0428,-684.4975
1087,20,60,64.0855,-665.9977
1088,20,61,96.1283,-647.4979
1089,20,62,128.1711,-628.9981
1090,20,63,160.214,-610.4982
1091,20,64,192.2568,-591.9984
1092,20,65,224.2996,-573.4985
1093,20,66,256.3425,-554.9987
1094,20,67,288.3853,-536.4988
1095,20,68,320.4281,-517.9989
1096,20,69,352.471,-499.499
1097,20,70,384.5138,-480.9991
1098,20,71,416.5566,-462.4992
1099,20,72,448.5994,-443.9993
1100,20,73,480.6422,-425.4994
1101,20,74,512.685,-406.9995
1102,20,75,544.7277,-388.4995
1103,20,76,576.7705,-369.9996
1104,20,77,608.8141,-55.5
1105,20,78,608.8141,-18.5
1106,20,79,608.8141,18.5
1107,20,80,608.8141,55.5
1108,20,81,608.814,-129.5
1109,20,82,608.814,-92.5
1110,20,83,608.814,92.5
1111,20,84,608.814,129.5
1112,20,85,608.8139,-166.5
1113,20,86,608.8139,166.5
1114,20,87,608.8138,-203.4999
1115,20,88,608.8138,203.4999
1116,20,89,608.8137,-240.4999
1117,20,90,608.8137,240.4999
1118,20,91,608.8135,-277.4998
1119,20,92,608.8135,277.4998
1120,20,93,608.8134,-314.4998
1121,20,94,608.8134,314.4998
1122,20,95,608.8132,-351.4997
1123,20,96,608.8132,351.4997
1124,20,97,576.7705,369.9996
1125,20,98,544.7277,388.4995
1126,20,99,512.685,406.9995
1127,20,100,480.6422,425.4994
1128,20,101,448.5994,443.9993
1129,20,102,416.5566,462.4992
1130,20,103,384.5138,480.9991
1131,20,104,352.471,499.499
1132,20,105,320.4281,517.9989
1133,20,106,288.3853,536.4988
1134,20,107,256.3425,554.9987
1135,20,108,224.2996,573.4985
1136,20,109,192.2568,591.9984
1137,20,110,160.214,610.4982
1138,20,111,128.1711,628.9981
1139,20,112,96.1283,647.4979
1140,20,113,64.0855,665.9977
1141,20,114,32.0428,684.4975
1142,21,1,-0.0,739.9968
1143,21,2,-32.0427,721.4971
1144,21,3,-64.0855,702.9973
1145,21,4,-96.1283,684.4975
1146,21,5,-128.1711,665.9977
1147,21,6,-160.2139,647.4979
1148,21,7,-192.2567,628.9981
1149,21,8,-224.2995,610.4982
1150,21,9,-256.3423,591.9984
1151,21,10,-288.3852,573.4985
1152,21,11,-320.428,554.9987
1153,21,12,-352.4708,536.4988
1154,21,13,-384.5136,517.9989
1155,21,14,-416.5564,499.499
1156,21,15,-448.5992,480.9991
1157,21,16,-480.642,462.4992
1158,21,17,-512.6848,443.9993
1159,21,18,-544.7276,425.4994
1160,21,19,-576.7703,406.9995
1161,21,20,-608.813,388.4995
1162,21,21,-640.8567,74.0
1163,21,22,-640.8567,37.0
1164,21,23,-640.8567,0.0
1165,21,24,-640.8567,-37.0
1166,21,25,-640.8567,-74.0
1167,21,26,-640.8566,148.0
1168,21,27,-640.8566,111.0
1169,21,28,-640.8566,-111.0
1170,21,29,-640.8566,-148.0
1171,21,30,-640.8565,185.0
1172,21,31,-640.8565,-185.0
1173,21,32,-640.8564,221.9999
1174,21,33,-640.8564,-221.9999
1175,21,34,-640.8562,258.9999
1176,21,35,-640.8562,-258.9999
1177,21,36,-640.8561,295.9998
1178,21,37,-640.8561,-295.9998
1179,21,38,-640.8559,332.9997
1180,21,39,-640.8559,-332.9997
1181,21,40,-640.8557,369.9996
1182,21,41,-640.8557,-369.9996
1183,21,42,-608.813,-388.4995
1184,21,43,-576.7703,-406.9995
1185,21,44,-544.7276,-425.4994
1186,21,45,-512.6848,-443.9993
1187,21,46,-480.642,-462.4992
1188,21,47,-448.5992,-480.9991
1189,21,48,-416.5564,-499.499
1190,21,49,-384.5136,-517.9989
1191,21,50,-352.4708,-536.4988
1192,21,51,-320.428,-554.9987
1193,21,52,-288.3852,-573.4985
1194,21,53,-256.3423,-591.9984
1195,21,54,-224.2995,-610.4982
1196,21,55,-192.2567,-628.9981
1197,21,56,-160.2139,-647.4979
1198,21,57,-128.1711,-665.9977
1199,21,58,-96.1283,-684.4975
1200,21,59,-64.0855,-702.9973
1201,21,60,-32.0427,-721.4971
1202,21,61,-0.0,-739.9968
1203,21,62,32.0427,-721.4971
1204,21,63,64.0855,-702.9973
1205,21,64,96.1283,-684.4975
1206,21,65,128.1711,-665.9977
1207,21,66,160.2139,-647.4979
1208,21,67,192.2567,-628.9981
1209,21,68,224.2995,-610.4982
1210,21,69,256.3423,-591.9984
1211,21,70,288.3852,-573.4985
1212,21,71,320.428,-554.9987
1213,21,72,352.4708,-536.4988
1214,21,73,384.5136,-517.9989
1215,21,74,416.5564,-499.499
1216,21,75,448.5992,-480.9991
1217,21,76,480.642,-462.4992
1218,21,77,512.6848,-443.9993
1219,21,78,544.7276,-425.4994
1220,21,79,576.7703,-406.9995
1221,21,80,608.813,-388.4995
1222,21,81,640.8567,-74.0
1223,21,82,640.8567,-37.0
1224,21,83,640.8567,0.0
1225,21,84,640.8567,37.0
1226,21,85,640.8567,74.0
1227,21,86,640.8566,-148.0
1228,21,87,640.8566,-111.0
1229,21,88,640.8566,111.0
1230,21,89,640.8566,148.0
1231,21,90,640.8565,-185.0
1232,21,91,640.8565,185.0
1233,21,92,640.8564,-221.9999
1234,21,93,640.8564,221.9999
1235,21,94,640.8562,-258.9999
1236,21,95,640.8562,258.9999
1237,21,96,640.8561,-295.9998
1238,21,97,640.8561,295.9998
1239,21,98,640.8559,-332.9997
1240,21,99,640.8559,332.9997
1241,21,100,640.8557,-369.9996
1242,21,101,640.8557,369.9996
1243,21,102,608.813,388.4995
1244,21,103,576.7703,406.9995
1245,21,104,544.7276,425.4994
1246,21,105,512.6848,443.9993
1247,21,106,480.642,462.4992
1248,21,107,448.5992,480.9991
1249,21,108,416.5564,499.499
1250,21,109,384.5136,517.9989
1251,21,110,352.4708,536.4988
1252,21,111,320.428,554.9987
1253,21,112,288.3852,573.4985
1254,21,113,256.3423,591.9984
1255,21,114,224.2995,610.4982
1256,21,115,192.2567,628.9981
1257,21,116,160.2139,647.4979
1258,21,117,128.1711,665.9977
1259,21,118,96.1283,684.4975
1260,21,119,64.0855,702.9973
1261,21,120,32.0427,721.4971
1262,22,1,-0.0,776.9963
1263,22,2,-32.0427,758.4966
1264,22,3,-64.0855,739.9968
1265,22,4,-96.1282,721.4971
1266,22,5,-128.171,702.9973
1267,22,6,-160.2138,684.4975
1268,22,7,-192.2566,665.9977
1269,22,8,-224.2994,647.4979
1270,22,9,-256.3422,628.9981
1271,22,10,-288.385,610.4982
1272,22,11,-320.4278,591.9984
1273,22,12,-352.4706,573.4985
1274,22,13,-384.5134,554.9987
1275,22,14,-416.5562,536.4988
1276,22,15,-448.599,517.9989
1277,22,16,-480.6418,499.499
1278,22,17,-512.6846,480.9991
1279,22,18,-544.7273,462.4992
1280,22,19,-576.7701,443.9993
1281,22,20,-608.8128,425.4994
1282,22,21,-640.8555,406.9995
1283,22,22,-672.8993,92.5
1284,22,23,-672.8993,55.5
1285,22,24,-672.8993,18.5
1286,22,25,-672.8993,-18.5
1287,22,26,-672.8993,-55.5
1288,22,27,-672.8993,-92.5
1289,22,28,-672.8992,129.5
1290,22,29,-672.8992,-129.5
1291,22,30,-672.8991,166.5
1292,22,31,-672.8991,-166.5
1293,22,32,-672.899,203.4999
1294,22,33,-672.899,-203.4999
1295,22,34,-672.8989,240.4999
1296,22,35,-672.8989,-240.4999
1297,22,36,-672.8987,277.4998
1298,22,37,-672.8987,-277.4998
1299,22,38,-672.8986,314.4998
1300,22,39,-672.8986,-314.4998
1301,22,40,-672.8984,351.4997
1302,22,41,-672.8984,-351.4997
1303,22,42,-672.8982,388.4995
1304,22,43,-672.8982,-388.4995
1305,22,44,-640.8555,-406.9995
1306,22,45,-608.8128,-425.4994
1307,22,46,-576.7701,-443.9993
1308,22,47,-544.7273,-462.4992
1309,22,48,-512.6846,-480.9991
1310,22,49,-480.6418,-499.499
1311,22,50,-448.599,-517.9989
1312,22,51,-416.5562,-536.4988
1313,22,52,-384.5134,-554.9987
1314,22,53,-352.4706,-573.4985
1315,22,54,-320.4278,-591.9984
1316,22,55,-288.385,-610.4982
1317,22,56,-256.3422,-628.9981
1318,22,57,-224.2994,-647.4979
1319,22,58,-192.2566,-665.9977
1320,22,59,-160.2138,-684.4975
1321,22,60,-128.171,-702.9973
1322,22,61,-96.1282,-721.4971
1323,22,62,-64.0855,-739.9968
1324,22,63,-32.0427,-758.4966
1325,22,64,-0.0,-776.9963
1326,22,65,32.0427,-758.4966
1327,22,66,64.0855,-739.9968
1328,22,67,96.1282,-721.4971
1329,22,68,128.171,-702.9973
1330,22,69,160.2138,-684.4975
1331,22,70,192.2566,-665.9977
1332,22,71,224.2994,-647.4979
1333,22,72,256.3422,-628.9981
1334,22,73,288.385,-610.4982
1335,22,74,320.4278,-591.9984
1336,22,75,352.4706,-573.4985
1337,22,76,384.5134,-554.9987
1338,22,77,416.5562,-536.4988
1339,22,78,448.599,-517.9989
1340,22,79,480.6418,-499.499
1341,22,80,512.6846,-480.9991
1342,22,81,544.7273,-462.4992
1343,22,82,576.7701,-443.9993
1344,22,83,608.8128,-425.4994
1345,22,84,640.8555,-406.9995
1346,22,85,672.8993,-92.5
1347,22,86,672.8993,-55.5
1348,22,87,672.8993,-18.5
1349,22,88,672.8993,18.5
1350,22,89,672.8993,55.5
1351,22,90,672.8993,92.5
1352,22,91,672.8992,-129.5
1353,22,92,672.8992,129.5
1354,22,93,672.8991,-166.5
1355,22,94,672.8991,166.5
1356,22,95,672.899,-203.4999
1357,22,96,672.899,203.4999
1358,22,97,672.8989,-240.4999
1359,22,98,672.8989,240.4999
1360,22,99,672.8987,-277.4998
1361,22,100,672.8987,277.4998
1362,22,101,672.8986,-314.4998
1363,22,102,672.8986,314.4998
1364,22,103,672.8984,-351.4997
1365,22,104,672.8984,351.4997
1366,22,105,672.8982,-388.4995
1367,22,106,672.8982,388.4995
1368,22,107,640.8555,406.9995
1369,22,108,608.8128,425.4994
1370,22,109,576.7701,443.9993
1371,22,110,544.7273,462.4992
1372,22,111,512.6846,480.9991
1373,22,112,480.6418,499.499
1374,22,113,448.599,517.9989
1375,22,114,416.5562,536.4988
1376,22,115,384.5134,554.9987
1377,22,116,352.4706,573.4985
1378,22,117,320.4278,591.9984
1379,22,118,288.385,610.4982
1380,22,119,256.3422,628.9981
1381,22,120,224.2994,647.4979
1382,22,121,192.2566,665.9977
1383,22,122,160.2138,684.4975
1384,22,123,128.171,702.9973
1385,22,124,96.1282,721.4971
1386,22,125,64.0855,739.9968
1387,22,126,32.0427,758.4966
1388,23,1,-0.0,813.9958
1389,23,2,-32.0427,795.4961
1390,23,3,-64.0854,776.9963
1391,23,4,-96.1282,758.4966
1392,23,5,-128.1709,739.9968
1393,23,6,-160.2137,721.4971
1394,23,7,-192.2565,702.9973
1395,23,8,-224.2993,684.4975
1396,23,9,-256.3421,665.9977
1397,23,10,-288.3849,647.4979
1398,23,11,-320.4277,628.9981
1399,23,12,-352.4705,610.4982
1400,23,13,-384.5133,591.9984
1401,23,14,-416.556,573.4985
1402,23,15,-448.5988,554.9987
1403,23,16,-480.6416,536.4988
1404,23,17,-512.6844,517.9989
1405,23,18,-544.7271,499.499
1406,23,19,-576.7698,480.9991
1407,23,20,-608.8126,462.4992
1408,23,21,-640.8553,443.9993
1409,23,22,-672.8979,425.4994
1410,23,23,-704.9419,74.0
1411,23,24,-704.9419,37.0
1412,23,25,-704.9419,0.0
1413,23,26,-704.9419,-37.0
1414,23,27,-704.9419,-74.0
1415,23,28,-704.9418,148.0
1416,23,29,-704.9418,111.0
1417,23,30,-704.9418,-111.0
1418,23,31,-704.9418,-148.0
1419,23,32,-704.9417,185.0
1420,23,33,-704.9417,-185.0
1421,23,34,-704.9415,221.9999
1422,23,35,-704.9415,-221.9999
1423,23,36,-704.9414,258.9999
1424,23,37,-704.9414,-258.9999
1425,23,38,-704.9412,295.9998
1426,23,39,-704.9412,-295.9998
1427,23,40,-704.941,332.9997
1428,23,41,-704.941,-332.9997
1429,23,42,-704.9408,369.9996
1430,23,43,-704.9408,-369.9996
1431,23,44,-704.9406,406.9995
1432,23,45,-704.9406,-406.9995
1433,23,46,-672.8979,-425.4994
1434,23,47,-640.8553,-443.9993
1435,23,48,-608.8126,-462.4992
1436,23,49,-576.7698,-480.9991
1437,23,50,-544.7271,-499.499
1438,23,51,-512.6844,-517.9989
1439,23,52,-480.6416,-536.4988
1440,23,53,-448.5988,-554.9987
1441,23,54,-416.556,-573.4985
1442,23,55,-384.5133,-591.9984
1443,23,56,-352.4705,-610.4982
1444,23,57,-320.4277,-628.9981
1445,23,58,-288.3849,-647.4979
1446,23,59,-256.3421,-665.9977
1447,23,60,-224.2993,-684.4975
1448,23,61,-192.2565,-702.9973
1449,23,62,-160.2137,-721.4971
1450,23,63,-128.1709,-739.9968
1451,23,64,-96.1282,-758.4966
1452,23,65,-64.0854,-776.9963
1453,23,66,-32.0427,-795.4961
1454,23,67,-0.0,-813.9958
1455,23,68,32.0427,-795.4961
1456,23,69,64.0854,-776.9963
1457,23,70,96.1282,-758.4966
1458,23,71,128.1709,-739.9968
1459,23,72,160.2137,-721.4971
1460,23,73,192.2565,-702.9973
1461,23,74,224.2993,-684.4975
1462,23,75,256.3421,-665.9977
1463,23,76,288.3849,-647.4979
1464,23,77,320.4277,-628.9981
1465,23,78,352.4705,-610.4982
1466,23,79,384.5133,-591.9984
1467,23,80,416.556,-573.4985
1468,23,81,448.5988,-554.9987
1469,23,82,480.6416,-536.4988
1470,23,83,512.6844,-517.9989
1471,23,84,544.7271,-499.499
1472,23,85,576.7698,-480.9991
1473,23,86,608.8126,-462.4992
1474,23,87,640.8553,-443.9993
1475,23,88,672.8979,-425.4994
1476,23,89,704.9419,-74.0
1477,23,90,704.9419,-37.0
1478,23,91,704.9419,0.0
1479,23,92,704.9419,37.0
1480,23,93,704.9419,74.0
1481,23,94,704.9418,-148.0
1482,23,95,704.9418,-111.0
1483,23,96,704.9418,111.0
1484,23,97,704.9418,148.0
1485,23,98,704.9417,-185.0
1486,23,99,704.9417,185.0
1487,23,100,704.9415,-221.9999
1488,23,101,704.9415,221.9999
1489,23,102,704.9414,-258.9999
1490,23,103,704.9414,258.9999
1491,23,104,704.9412,-295.9998
1492,23,105,704.9412,295.9998
1493,23,106,704.941,-332.9997
1494,23,107,704.941,332.9997
1495,23,108,704.9408,-369.9996
1496,23,109,704.9408,369.9996
1497,23,110,704.9406,-406.9995
1498,23,111,704.9406,406.9995
1499,23,112,672.8979,425.4994
1500,23,113,640.8553,443.9993
1501,23,114,608.8126,462.4992
1502,23,115,576.7698,480.9991
1503,23,116,544.7271,499.499
1504,23,117,512.6844,517.9989
1505,23,118,480.6416,536.4988
1506,23,119,448.5988,554.9987
1507,23,120,416.556,573.4985
1508,23,121,384.5133,591.9984
1509,23,122,352.4705,610.4982
1510,23,123,320.4277,628.9981
1511,23,124,288.3849,647.4979
1512,23,125,256.3421,665.9977
1513,23,126,224.2993,684.4975
1514,23,127,192.2565,702.9973
1515,23,128,160.2137,721.4971
1516,23,129,128.1709,739.9968
1517,23,130,96.1282,758.4966
1518,23,131,64.0854,776.9963
1519,23,132,32.0427,795.4961
1520,24,1,-0.0,850.9952
1521,24,2,-32.0427,832.4955
1522,24,3,-64.0854,813.9958
1523,24,4,-96.1281,795.4961
1524,24,5,-128.1708,776.9963
1525,24,6,-160.2136,758.4966
1526,24,7,-192.2563,739.9968
1527,24,8,-224.2991,721.4971
1528,24,9,-256.3419,702.9973
1529,24,10,-288.3847,684.4975
1530,24,11,-320.4275,665.9977
1531,24,12,-352.4703,647.4979
1532,24,13,-384.513,628.9981
1533,24,14,-416.5558,610.4982
1534,24,15,-448.5986,591.9984
1535,24,16,-480.6414,573.4985
1536,24,17,-512.6841,554.9987
1537,24,18,-544.7269,536.4988
1538,24,19,-576.7696,517.9989
1539,24,20,-608.8123,499.499
1540,24,21,-640.855,480.9991
1541,24,22,-672.8977,462.4992
1542,24,23,-704.9403,443.9993
1543,24,24,-736.9845,55.5
1544,24,25,-736.9845,18.5
1545,24,26,-736.9845,-18.5
1546,24,27,-736.9845,-55.5
1547,24,28,-736.9844,92.5
1548,24,29,-736.9844,-92.5
1549,24,30,-736.9843,129.5
1550,24,31,-736.9843,-129.5
1551,24,32,-736.9842,166.5
1552,24,33,-736.9842,-166.5
1553,24,34,-736.9841,203.4999
1554,24,35,-736.9841,-203.4999
1555,24,36,-736.984,240.4999
1556,24,37,-736.984,-240.4999
1557,24,38,-736.9838,277.4998
1558,24,39,-736.9838,-277.4998
1559,24,40,-736.9836,314.4998
1560,24,41,-736.9836,-314.4998
1561,24,42,-736.9834,351.4997
1562,24,43,-736.9834,-351.4997
1563,24,44,-736.9832,388.4995
1564,24,45,-736.9832,-388.4995
1565,24,46,-736.9829,425.4994
1566,24,47,-736.9829,-425.4994
1567,24,48,-704.9403,-443.9993
1568,24,49,-672.8977,-462.4992
1569,24,50,-640.855,-480.9991
1570,24,51,-608.8123,-499.499
1571,24,52,-576.7696,-517.9989
1572,24,53,-544.7269,-536.4988
1573,24,54,-512.6841,-554.9987
1574,24,55,-480.6414,-573.4985
1575,24,56,-448.5986,-591.9984
1576,24,57,-416.5558,-610.4982
1577,24,58,-384.513,-628.9981
1578,24,59,-352.4703,-647.4979
1579,24,60,-320.4275,-665.9977
1580,24,61,-288.3847,-684.4975
1581,24,62,-256.3419,-702.9973
1582,24,63,-224.2991,-721.4971
1583,24,64,-192.2563,-739.9968
1584,24,65,-160.2136,-758.4966
1585,24,66,-128.1708,-776.9963
1586,24,67,-96.1281,-795.4961
1587,24,68,-64.0854,-813.9958
1588,24,69,-32.0427,-832.4955
1589,24,70,-0.0,-850.9952
1590,24,71,32.0427,-832.4955
1591,24,72,64.0854,-813.9958
1592,24,73,96.1281,-795.4961
1593,24,74,128.1708,-776.9963
1594,24,75,160.2136,-758.4966
1595,24,76,192.2563,-739.9968
1596,24,77,224.2991,-721.4971
1597,24,78,256.3419,-702.9973
1598,24,79,288.3847,-684.4975
1599,24,80,320.4275,-665.9977
1600,24,81,352.4703,-647.4979
1601,24,82,384.513,-628.9981
1602,24,83,416.5558,-610.4982
1603,24,84,448.5986,-591.9984
1604,24,85,480.6414,-573.4985
1605,24,86,512.6841,-554.9987
1606,24,87,544.7269,-536.4988
1607,24,88,576.7696,-517.9989
1608,24,89,608.8123,-499.499
1609,24,90,640.855,-480.9991
1610,24,91,672.8977,-462.4992
1611,24,92,704.9403,-443.9993
1612,24,93,736.9845,-55.5
1613,24,94,736.9845,-18.5
1614,24,95,736.9845,18.5
1615,24,96,736.9845,55.5
1616,24,97,736.9844,-92.5
1617,24,98,736.9844,92.5
1618,24,99,736.9843,-129.5
1619,24,100,736.9843,129.5
1620,24,101,736.9842,-166.5
1621,24,102,736.9842,166.5
1622,24,103,736.9841,-203.4999
1623,24,104,736.9841,203.4999
1624,24,105,736.984,-240.4999
1625,24,106,736.984,240.4999
1626,24,107,736.9838,-277.4998
1627,24,108,736.9838,277.4998
1628,24,109,736.9836,-314.4998
1629,24,110,736.9836,314.4998
1630,24,111,736.9834,-351.4997
1631,24,112,736.9834,351.4997
1632,24,113,736.9832,-388.4995
1633,24,114,736.9832,388.4995
1634,24,115,736.9829,-425.4994
1635,24,116,736.9829,425.4994
1636,24,117,704.9403,443.9993
1637,24,118,672.8977,462.4992
1638,24,119,640.855,480.9991
1639,24,120,608.8123,499.499
1640,24,121,576.7696,517.9989
1641,24,122,544.7269,536.4988
1642,24,123,512.6841,554.9987
1643,24,124,480.6414,573.4985
1644,24,125,448.5986,591.9984
1645,24,126,416.5558,610.4982
1646,24,127,384.513,628.9981
1647,24,128,352.4703,647.4979
1648,24,129,320.4275,665.9977
1649,24,130,288.3847,684.4975
1650,24,131,256.3419,702.9973
1651,24,132,224.2991,721.4971
1652,24,133,192.2563,739.9968
1653,24,134,160.2136,758.4966
1654,24,135,128.1708,776.9963
1655,24,136,96.1281,795.4961
1656,24,137,64.0854,813.9958
1657,24,138,32.0427,832.4955
1658,25,1,-0.0,887.9945
1659,25,2,-32.0427,869.4948
1660,25,3,-64.0853,850.9952
1661,25,4,-96.128,832.4955
1662,25,5,-128.1707,813.9958
1663,25,6,-160.2135,795.4961
1664,25,7,-192.2562,776.9963
1665,25,8,-224.299,758.4966
1666,25,9,-256.3417,739.9968
1667,25,10,-288.3845,721.4971
1668,25,11,-320.4273,702.9973
1669,25,12,-352.4701,684.4975
1670,25,13,-384.5128,665.9977
1671,25,14,-416.5556,647.4979
1672,25,15,-448.5984,628.9981
1673,25,16,-480.6411,610.4982
1674,25,17,-512.6839,591.9984
1675,25,18,-544.7266,573.4985
1676,25,19,-576.7693,554.9987
1677,25,20,-608.812,536.4988
1678,25,21,-640.8547,517.9989
1679,25,22,-672.8974,499.499
1680,25,23,-704.94,480.9991
1681,25,24,-736.9826,462.4992
1682,25,25,-769.027,37.0
1683,25,26,-769.027,0.0
1684,25,27,-769.027,-37.0
1685,25,28,-769.0269,111.0
1686,25,29,-769.0269,74.0
1687,25,30,-769.0269,-74.0
1688,25,31,-769.0269,-111.0
1689,25,32,-769.0268,148.0
1690,25,33,-769.0268,-148.0
1691,25,34,-769.0267,185.0
1692,25,35,-769.0267,-185.0
1693,25,36,-769.0265,221.9999
1694,25,37,-769.0265,-221.9999
1695,25,38,-769.0264,258.9999
1696,25,39,-769.0264,-258.9999
1697,25,40,-769.0262,295.9998
1698,25,41,-769.0262,-295.9998
1699,25,42,-769.026,332.9997
1700,25,43,-769.026,-332.9997
1701,25,44,-769.0258,369.9996
1702,25,45,-769.0258,-369.9996
1703,25,46,-769.0255,406.9995
1704,25,47,-769.0255,-406.9995
1705,25,48,-769.0252,443.9993
1706,25,49,-769.0252,-443.9993
1707,25,50,-736.9826,-462.4992
1708,25,51,-704.94,-480.9991
1709,25,52,-672.8974,-499.499
1710,25,53,-640.8547,-517.9989
1711,25,54,-608.812,-536.4988
1712,25,55,-576.7693,-554.9987
1713,25,56,-544.7266,-573.4985
1714,25,57,-512.6839,-591.9984
1715,25,58,-480.6411,-610.4982
1716,25,59,-448.5984,-628.9981
1717,25,60,-416.5556,-647.4979
1718,25,61,-384.5128,-665.9977
1719,25,62,-352.4701,-684.4975
1720,25,63,-320.4273,-702.9973
1721,25,64,-288.3845,-721.4971
1722,25,65,-256.3417,-739.9968
1723,25,66,-224.299,-758.4966
1724,25,67,-192.2562,-776.9963
1725,25,68,-160.2135,-795.4961
1726,25,69,-128.1707,-813.9958
1727,25,70,-96.128,-832.4955
1728,25,71,-64.0853,-850.9952
1729,25,72,-32.0427,-869.4948
1730,25,73,-0.0,-887.9945
1731,25,74,32.0427,-869.4948
1732,25,75,64.0853,-850.9952
1733,25,76,96.128,-832.4955
1734,25,77,128.1707,-813.9958
1735,25,78,160.2135,-795.4961
1736,25,79,192.2562,-776.9963
1737,25,80,224.299,-758.4966
1738,25,81,256.3417,-739.9968
1739,25,82,288.3845,-721.4971
1740,25,83,320.4273,-702.9973
1741,25,84,352.4701,-684.4975
1742,25,85,384.5128,-665.9977
1743,25,86,416.5556,-647.4979
1744,25,87,448.5984,-628.9981
1745,25,88,480.6411,-610.4982
1746,25,89,512.6839,-591.9984
1747,25,90,544.7266,-573.4985
1748,25,91,576.7693,-554.9987
1749,25,92,608.812,-536.4988
1750,25,93,640.8547,-517.9989
1751,25,94,672.8974,-499.499
1752,25,95,704.94,-480.9991
1753,25,96,736.9826,-462.4992
1754,25,97,769.027,-37.0
1755,25,98,769.027,0.0
1756,25,99,769.027,37.0
1757,25,100,769.0269,-111.0
1758,25,101,769.0269,-74.0
1759,25,102,769.0269,74.0
1760,25,103,769.0269,111.0
1761,25,104,769.0268,-148.0
1762,25,105,769.0268,148.0
1763,25,106,769.0267,-185.0
1764,25,107,769.0267,185.0
1765,25,108,769.0265,-221.9999
1766,25,109,769.0265,221.9999
1767,25,110,769.0264,-258.9999
1768,25,111,769.0264,258.9999
1769,25,112,769.0262,-295.9998
1770,25,113,769.0262,295.9998
1771,25,114,769.026,-332.9997
1772,25,115,769.026,332.9997
1773,25,116,769.0258,-369.9996
1774,25,117,769.0258,369.9996
1775,25,118,769.0255,-406.9995
1776,25,119,769.0255,406.9995
1777,25,120,769.0252,-443.9993
1778,25,121,769.0252,443.9993
1779,25,122,736.9826,462.4992
1780,25,123,704.94,480.9991
1781,25,124,672.8974,499.499
1782,25,125,640.8547,517.9989
1783,25,126,608.812,536.4988
1784,25,127,576.7693,554.9987
1785,25,128,544.7266,573.4985
1786,25,129,512.6839,591.9984
1787,25,130,480.6411,610.4982
1788,25,131,448.5984,628.9981
1789,25,132,416.5556,647.4979
1790,25,133,384.5128,665.9977
1791,25,134,352.4701,684.4975
1792,25,135,320.4273,702.9973
1793,25,136,288.3845,721.4971
1794,25,137,256.3417,739.9968
1795,25,138,224.299,758.4966
1796,25,139,192.2562,776.9963
1797,25,140,160.2135,795.4961
1798,25,141,128.1707,813.9958
1799,25,142,96.128,832.4955
1800,25,143,64.0853,850.9952
1801,25,144,32.0427,869.4948
